32141375
32140705
32139745
32139181
32135412
32135200
32134953
32134742
32133376
32133205
32132316
32132162
32130954
32130536
32129562
32127812
32127753
32127544
32126303
32122903
32122832
32122612
32122601
32122405
32121656
32120451
32120248
32120040
32120036
32120034
32119716
32118064
32117179
32117123
32117113
32117082
32115014
32112365
32111956
32111934
32111888
32111366
32111365
32107621
32107153
32106902
32106244
32106218
32105329
32104007
32102857
32101557
32099927
32099646
32098849
32096699
32096476
32095060
32094510
32094260
32093758
32092792
32092367
32089463
32088261
32086527
32086306
32085530
32084228
32083507
32082324
32082312
32079072
32074664
32073517
32071726
32071320
32071276
32071274
32071163
32071160
32071047
32068947
32068854
32068266
32067957
32067208
32066024
32064924
32062001
32061914
32061878
32060628
32060526
32059433
32057645
32057427
32056136
32054106
32053674
32053625
32053063
32053006
32051515
32050093
32048902
32048894
32048629
32048461
32047941
32047237
32047058
32045373
32044245
32042293
32042052
32040377
32038629
32038604
32036904
32035245
32035054
32034968
32032584
32032455
32030099
32027974
32027170
32026493
32026288
32025314
32025313
32024759
32024727
32024441
32019932
32019110
32017771
32017574
32016129
32015142
32014683
32013893
32012741
32012697
32009053
32005223
32003969
32003330
32000692
31999277
31999237
31998766
31998621
31998255
31997474
31996448
31996426
31993879
31993205
31993061
31993024
31992597
31992210
31988080
31988008
31986930
31985337
31979276
31978059
31977277
31976811
31976578
31976353
31974592
31974513
31974358
31973724
31972801
31971868
31971146
31970328
31969162
31968354
31968137
31967731
31965365
31964797
31964461
31963856
31963594
31963266
31963265
31961790
31961228
31958753
31957229
31956232
31955804
31955713
31955664
31955354
31955262
31954832
31954615
31953428
31951631
31950026
31947746
31944178
31941869
31941818
31939718
31939386
31937548
31937256
31934344
31932716
31932369
31932359
31932313
31931261
31931082
31930947
31930340
31928835
31927117
31926843
31926353
31924594
31923109
31921908
31921699
31921044
31921024
31921017
31918449
31917974
31917824
31917256
31915288
31915259
31915226
31915050
31911466
31910242
31909474
31909081
31908474
31907407
31906167
31904564
31903298
31902492
31902489
31899945
31898246
31897402
31896646
31889413
31887656
31886204
31885352
31884977
31883922
31883807
31882915
31882619
31882246
31881369
31880986
31877796
31876435
31876257
31874221
31873143
31872954
31872865
31872221
31871254
31871051
31870905
31869659
31869580
31869198
31867617
31867602
31866982
31866968
31866425
31866402
31865669
31864916
31862543
31862381
31862246
31856744
31854167
31849981
31849865
31849411
31848793
31848599
31848338
31848292
31848280
31847943
31847834
31847247
31846797
31846743
31846444
31846413
31845481
31844730
31844298
31844097
31843967
31843357
31843303
31841111
31840214
31839561
31836888
31836575
31835728
31834677
31834428
31833907
31833422
31833303
31832640
31832429
31832226
31830135
31830061
31829116
31828683
31827011
31825108
31824463
31824448
31823797
31822448
31820091
31819979
31818192
31817843
31817243
31816945
31816232
31816067
31815589
31815285
31813432
31811283
31811175
31810308
31810267
31806269
31804903
31804801
31804604
31803806
31803171
31802920
31802866
31801835
31801696
31799900
31799467
31798546
31797067
31796086
31795866
31795524
31795231
31794817
31793501
31792282
31791267
31791245
31791004
31790956
31790779
31789441
31789384
31788487
31787735
31787706
31785341
31784890
31783194
31782188
31781516
31781228
31779073
31778929
31778422
31778110
31776790
31776226
31776180
31774855
31774360
31773196
31772324
31771943
31770461
31769367
31768420
31767231
31767096
31767080
31767067
31767028
31766256
31765785
31765291
31764970
31762959
31762772
31762615
31760332
31759908
31759733
31759098
31758859
31757607
31756894
31756638
31755108
31754357
31751674
31750792
31750788
31750778
31750187
31748786
31747959
31747474
31746562
31744912
31744181
31742955
31742773
31742093
31740552
31740530
31740527
31740408
31740179
31739448
31738701
31738585
31736330
31735631
31734862
31734132
31733376
31733233
31732577
31732572
31729074
31728999
31728982
31728979
31728202
31727180
31726236
31725762
31725349
31724198
31722976
31722268
31720748
31720222
31717953
31717301
31715640
31713579
31713458
31712689
31712121
31711886
31711808
31711769
31711706
31711484
31711228
31710290
31709420
31708887
31707873
31707717
31707507
31707278
31707219
31705941
31705776
31705392
31704947
31704684
31704087
31703833
31703726
31703326
31702083
31700814
31700653
31699469
31699441
31698781
31697198
31693963
31693836
31692677
31687111
31685464
31685461
31685449
31685447
31684890
31684068
31682986
31682962
31682558
31681239
31681217
31681183
31680681
31679531
31679441
31678913
31678649
31677960
31677792
31677373
31676475
31676421
31676249
31674689
31674298
31670274
31669381
31668987
31668920
31668855
31667586
31666981
31666490
31663261
31662462
31661316
31660397
31658968
31653074
31652727
31650816
31650420
31650414
31649668
31649268
31648728
31648721
31648382
31647977
31647919
31646337
31646143
31645372
31641295
31641092
31641047
31640840
31638919
31636714
31636610
31636136
31636072
31635975
31633842
31632932
31632923
31626918
31626559
31625898
31625897
31623229
31623143
31620958
31620776
31620138
31619878
31619666
31618498
31617912
31616669
31616402
31616394
31615788
31615439
31613964
31613204
31613175
31612069
31611868
31610425
31608961
31608882
31608280
31607541
31605831
31605739
31605255
31605019
31603704
31601664
31601615
31600524
31600443
31599732
31599639
31597744
31596191
31595686
31595007
31591395
31591116
31590597
31590302
31589660
31587897
31587498
31586947
31586923
31586221
31585845
31585641
31585061
31583896
31583568
31583108
31582979
31582455
31582451
31582450
31581067
31580900
31580426
31579924
31579902
31579445
31579442
31579374
31577948
31576979
31576806
31576084
31572395
31572341
31572317
31571209
31570396
31570322
31564692
31560675
31558291
31557837
31557304
31556252
31556183
31555253
31554892
31553773
31553059
31552824
31552424
31552303
31552004
31551951
31551003
31550577
31550287
31550246
31548693
31548653
31548391
31547848
31547513
31543404
31543006
31542554
31542458
31541196
31541159
31540503
31540050
31539303
31537666
31537314
31536878
31534954
31534082
31531579
31529307
31528049
31528036
31528017
31527458
31526657
31526473
31525517
31523408
31520396
31520269
31519879
31519702
31519655
31519541
31518933
31517452
31516827
31513897
31513845
31513580
31511968
31510047
31508405
31507544
31505635
31504783
31501793
31501284
31500731
31500579
31500532
31500009
31499238
31497590
31497588
31495527
31495388
31494089
31493312
31493127
31492666
31492646
31490026
31489969
31488643
31488207
31486244
31484766
31484084
31483577
31483575
31483244
31482073
31481063
31480744
31479608
31477712
31474699
31474607
31473327
31472371
31472282
31472153
31471009
31467624
31467100
31466323
31466026
31465442
31465434
31464593
31463784
31462509
31462413
31461944
31457107
31456820
31456768
31456763
31456762
31456116
31454303
31452880
31451904
31451696
31450900
31448998
31448583
31448292
31448241
31447113
31443379
31442868
31441325
31439690
31437790
31437738
31437226
31435889
31431446
31430120
31430065
31428892
31428091
31427269
31427214
31427141
31427135
31425000
31424585
31424379
31424025
31421888
31421772
31421107
31420893
31420535
31419583
31419474
31417916
31417515
31417509
31416871
31416823
31415619
31414976
31413598
31413308
31409318
31408397
31407393
31407280
31407052
31406348
31405956
31405918
31405855
31404672
31404336
31404242
31403217
31402349
31401354
31401351
31401191
31400471
31399725
31396501
31396188
31395108
31394847
31393874
31393122
31392944
31391729
31390383
31389671
31387909
31387813
31385671
31385269
31383668
31383317
31383277
31383263
31383262
31380737
31380646
31378760
31378264
31377463
31377128
31376718
31375493
31375138
31373636
31371681
31370104
31369808
31369360
31367347
31366612
31365620
31364694
31364004
31363089
31363016
31363014
31362989
31362706
31361601
31361580
31361541
31358980
31357988
31357013
31356636
31355287
31354659
31354317
31352634
31351796
31350337
31350184
31349832
31346236
31346202
31345642
31344052
31342608
31341572
31341564
31339581
31334754
31334679
31333633
31333044
31332608
31331282
31329291
31329051
31328709
31327903
31326710
31324894
31324594
31324222
31324199
31323326
31322075
31321336
31319790
31319496
31315894
31315050
31314687
31314617
31313961
31313312
31311552
31311539
31310765
31309224
31307989
31307955
31307763
31307005
31306792
31306789
31306089
31305513
31305196
31304771
31303771
31301842
31300132
31300125
31300120
31300119
31300106
31299116
31298215
31297978
31297374
31297339
31296673
31294681
31293524
31291321
31288487
31287844
31285560
31285450
31285250
31285233
31284944
31284339
31282897
31282120
31277701
31277459
31275940
31275271
31273387
31272304
31272278
31271702
31271427
31269356
31268602
31266705
31266267
31265725
31263884
31263735
31263685
31263284
31263136
31262263
31261364
31260553
31260500
31258523
31257423
31257242
31256940
31255715
31255524
31253680
31253201
31252368
31251538
31250522
31249836
31249336
31248448
31247942
31247021
31246162
31245791
31245298
31244995
31244856
31243455
31243083
31242071
31241037
31240776
31240706
31239493
31239381
31239295
31239168
31238716
31238339
31236928
31236618
31236587
31235511
31232566
31232334
31231825
31231318
31231084
31231027
31230257
31230149
31229854
31229320
31227555
31226867
31223478
31222907
31222509
31222172
31222043
31168485
31220663
31219419
31218817
31218749
31217307
31217301
31216783
31216600
31215859
31215487
31214992
31213278
31212103
31212020
31211814
31209523
31209308
31207401
31206089
31204584
31203971
31203474
31202503
31201418
31200551
31199431
31199225
31198933
31198682
31198057
31197725
31196924
31195362
31195172
31193030
31191494
31191482
31190714
31189981
31189560
31189110
31187748
31185869
31185612
31183950
31183018
31182977
31182962
31181297
31180074
31178860
31178057
31177774
31177441
31177431
31176748
31175961
31174707
31174686
31174488
31174244
31173862
31173650
31171880
31171466
31171396
31170450
31169543
31169314
31167904
31166029
31164718
31164450
31163544
31162835
31161092
31160700
31160100
31159877
31159249
31159162
31157413
31156653
31155820
31154355
31153903
31153785
31153521
31152725
31152520
31150596
31148957
31147713
31147559
31146786
31143317
31143123
31142834
31142637
31139675
31138742
31138719
31138576
31138417
31138309
31138110
31137477
31136296
31134820
31134774
31134461
31133745
31133662
31131322
31130421
31130255
31128824
31128285
31128087
31127297
31127059
31126949
31126632
31126330
31126282
31126180
31122956
31121146
31120961
31119869
31119172
31118306
31118296
31117395
31116394
31115926
31115326
31114771
31113899
31113404
31111523
31111440
31110364
31109750
31108395
31106964
31105354
31105017
31104975
31103672
31102964
31102484
31101657
31101422
31100506
31100490
31099741
31099590
31099490
31098636
31098293
31097544
31097371
31097127
31096878
31096015
31096009
31093759
31093183
31091483
31089379
31088605
31088469
31088364
31088356
31086354
31085704
31085509
31085462
31082474
31078792
31075587
31075402
31072645
31071615
31071198
31069703
31069372
31068437
31067752
31066624
31066112
31065709
31063703
31063119
31063116
31063112
31061362
31059196
31058805
31057956
31057511
31057493
31057053
31055904
31054921
31052269
31051099
31050632
31049879
31048213
31047864
31046828
31046636
31043518
31043512
31043060
31041672
31041189
31041184
31040249
31039497
31039471
31039039
31038099
31036919
31036344
31035931
31034006
31031431
31030894
31030844
31029108
31028534
31027609
31026042
31025713
31024299
31024059
31021286
31019244
31019000
31018527
31018119
31016979
31016841
31015084
31014803
31013737
31011602
31010841
31009558
31005401
31004919
31002964
31002668
31002306
31001764
31001234
30999894
30998129
30996829
30996827
30996209
30996189
30995873
30993333
30992346
30991963
30990403
30989324
30988725
30988511
30988331
30988055
30988032
30987581
30986560
30986121
30985510
30982727
30981881
30981555
30981010
30980927
30980651
30980069
30979915
30979517
30978460
30977802
30977277
30974392
30974263
30971496
30971289
30970258
30969844
30969770
30965020
30964881
30961807
30960967
30958109
30955796
30955282
30954950
30954638
30954574
30953978
30952997
30951182
30949690
30949454
30949318
30948470
30947974
30947961
30947302
30947268
30946447
30944872
30944706
30944210
30942689
30942188
30941105
30940425
30940084
30939146
30938327
30938032
30937652
30936487
30936369
30936104
30935994
30935036
30930220
30930008
30687793
30928372
30928178
30927414
30926211
30926110
30925664
30923516
30923224
30922352
30918084
30916493
30915064
30914645
30914347
30914294
30914204
30914053
30913125
30912619
30911597
30910908
30910900
30910742
30910506
30909983
30909883
30908570
30907567
30905895
30905801
30904305
30902945
30900991
30899315
30899152
30897025
30895488
30893609
30892944
30892650
30892182
30890494
30889294
30888063
30886837
30886355
30886308
30885787
30884861
30883992
30882283
30881985
30881983
30881530
30881065
30880244
30879818
30879816
30878661
30876852
30875489
30875037
30873747
30873261
30872073
30871501
30870588
30869486
30869058
30868671
30867143
30866824
30866792
30866138
30865776
30865771
30864240
30863548
30863372
30861310
30860173
30859060
30858970
30858835
30858212
30858004
30853591
30853357
30852958
30851131
30850694
30849949
30847267
30846831
30845993
30844701
30843000
30841890
30838416
30838226
30837973
30837269
30836173
30835691
30834556
30834008
30833394
30833301
30830993
30830594
30828985
30827373
30826023
30825896
30825697
30825233
30822547
30822179
30820036
30819135
30818774
30817803
30817029
30817020
30816855
30815897
30815254
30814833
30814465
30814458
30814269
30813914
30813804
30813360
30810887
30810508
30810013
30809991
30809761
30809325
30809011
30807612
30806877
30806724
30806486
30806125
30805714
30805352
30805312
30804907
30804411
30803973
30803048
30801031
30801024
30800475
30798639
30798528
30797792
30795808
30792449
30792073
30790158
30789928
30789295
30788955
30788789
30787919
30787524
30787154
30786778
30786013
30785934
30784066
30783176
30783006
30782638
30782062
30779802
30779321
30778339
30778225
30778145
30778122
30777819
30777007
30776429
30772452
30771553
30771492
30771460
30771380
30771296
30770712
30769146
30767176
30763533
30762806
30762483
30761406
30760615
30760263
30757916
30757912
30755740
30755639
30753506
30748151
30747739
30746592
30745369
30744988
30744290
30742631
30741045
30738111
30736863
30734704
30734130
30733264
30732617
30729056
30728855
30728607
30728364
30724179
30723133
30722780
30720429
30718253
30718163
30717621
30716447
30714892
30714039
30713530
30711157
30711049
30709780
30709056
30708085
30707629
30707626
30707279
30705269
30702954
30702082
30701770
30701260
30700765
30700600
30698369
30698306
30696737
30696692
30696445
30694503
30694500
30692672
30692669
30692556
30692551
30692531
30691457
30689290
30687301
30687255
30686261
30685592
30685590
30685302
30685278
30684746
30684741
30684044
30682526
30682263
30682029
30681401
30680569
30680433
30679677
30677535
30676694
30676260
30675063
30674644
30673126
30671471
30671052
30671043
30670553
30670071
30669823
30669509
30668970
30668754
30668586
30667087
30666172
30665698
30665443
30665014
30663887
30663567
30663530
30660188
30659311
30659146
30656864
30656078
30654238
30653141
30651563
30650059
30650058
30649584
30649407
30649304
30648938
30648892
30647948
30645626
30645104
30644616
30644141
30644112
30643880
30643440
30642585
30641878
30641229
30640192
30639516
30637387
30636542
30636533
30635382
30634469
30633871
30633358
30632638
30632206
30631385
30630875
30630444
30630008
30629483
30628877
30628569
30628481
30627862
30625113
30624709
30624673
30622190
30621893
30621621
30620748
30620266
30618376
30618276
30617347
30616609
30616550
30616013
30615998
30615560
30614785
30614778
30614207
30614116
30612497
30612220
30611637
30609299
30606445
30605912
30605081
30604482
30603910
30602788
30601977
30600357
30595174
30594629
30593358
30593272
30591371
30586712
30586602
30586509
30586440
30585199
30583011
30583010
30581671
30581573
30581559
30581430
30580013
30579665
30579367
30578976
30578963
30578265
30577858
30577829
30575139
30573678
30573530
30572022
30571745
30570479
30570165
30569531
30568646
30568031
30564072
30562988
30562580
30561005
30560049
30559768
30559731
30559540
30558540
30557588
30557229
30556800
30556097
30555487
30555133
30554988
30554381
30553909
30553112
30552858
30552854
30552187
30551878
30551557
30550844
30550777
30550537
30548730
30548358
30548135
30547765
30547334
30547035
30545668
30545294
30545148
30543779
30542332
30542201
30541941
30541921
30541788
30541780
30541685
30541452
30523110
30541131
30540810
30540276
30540084
30538184
30537803
30536720
30535711
30534930
30533916
30533739
30533699
30533034
30531948
30531035
30531032
30531026
30530602
30529427
30528115
30526683
30521630
30521111
30519244
30518648
30507374
30506184
30506054
30505946
30505174
30503774
30503773
30503091
30503017
30502020
30501980
30501091
30517641
30516477
30515798
30515254
30514867
30514811
30514772
30514507
30510929
30510656
30510102
30509126
30502728
30500862
30499638
30498235
30497920
30496296
30488707
30488368
30488175
30485260
30484410
30484087
30483377
30483272
30482267
30481984
30481051
30480505
30480469
30479393
30479367
30478337
30478291
30478087
30477738
30476571
30476329
30475835
30475288
30474631
30474539
30473346
30472764
30472419
30471924
30468252
30465449
30464758
30464044
30463375
30461138
30460172
30459720
30459619
30459192
30458910
30457933
30457515
30454073
30453945
30453558
30450141
31998576
30447704
30446726
30446512
30445552
30445443
30445212
30444997
30444931
30443026
30442975
30442963
30442926
30442101
30431711
30431401
30428566
30426724
30426108
30425997
30425957
30425416
30423022
30420847
30420485
30420451
30418564
30418539
30418348
30417790
30417112
30414439
30414351
30412584
30412264
30411474
30410241
30409216
30409159
30408578
30408490
30408004
30406698
30406429
30404937
30403600
30401779
30401775
30401621
30400890
30397344
30395987
30394363
30393267
30390351
30389548
30389050
30389021
30386722
30386637
30386432
30386320
30385419
30385059
30383975
30383525
30381678
30380772
30380450
30379135
30379134
30377795
30373753
30373604
30373512
30373078
30372529
30372528
30369424
30368648
30367001
30365535
30363939
30361976
30361083
30359374
30359301
30359185
30358940
30358522
30356776
30356149
30355761
30355749
30355669
30355149
30354092
30353485
30352847
30352265
30352131
30351260
30350797
30350536
30349333
30349081
30348825
30348381
30346651
30346650
30344622
30343490
30342828
30342546
30341233
30340941
30339894
30339505
30337679
30336737
30335853
30334684
30333402
30326954
30326746
30325448
30325297
30324322
30323045
30323032
30322854
30322736
30322716
30322537
30322445
30319557
30317594
30316501
30315081
30315080
30309738
30308253
30305996
30305736
30305622
30305467
30305181
30304860
30304043
30303530
30302138
30301647
30300208
30299471
30299367
30297365
30296527
30292703
30292544
30292385
30289470
30288289
30286089
30285910
30284963
30282739
30281404
30280094
30279512
30279280
30277840
30277830
30277811
30274422
30273421
30272193
30271996
30271935
30271181
30269350
30269177
30267625
30267275
30266312
30266237
30265691
30265589
30265235
30264615
30263120
30261001
30260981
30260317
30259478
30258173
30257953
30257813
30256152
30255089
30255079
30254637
30254124
30251593
30250476
30249685
30248446
30247119
30245914
30245680
30245673
30244571
30243373
30242295
30240402
30239843
30239652
30238554
30238012
30236211
30234420
30234189
30233522
30231151
30229714
30226847
30226461
30225279
30221577
30221537
30219511
30219265
30218810
30218076
30217500
30216367
30214256
30214024
30213242
30211956
30211786
30211633
30211621
30210746
30210545
30210517
30207746
30206239
30206118
30206092
30206074
30206051
30203584
30201529
30200857
30199500
30198609
30198508
30198506
30198500
30197638
30197437
30195485
30195451
30191984
30191802
30191340
30190327
30189222
30189008
30187976
30187428
30186616
30186264
30185512
30185188
30184212
30182838
30182288
30181895
30181663
30181181
30181080
30180442
30180167
30179147
30178263
30177740
30176810
30176804
30176355
30176337
30175811
30175185
30174504
30173854
30173853
30173743
30173654
30171202
30170603
30170594
30169281
30166817
30158585
30158216
30157969
30155456
30155366
30154259
30154257
30153365
30152907
30152897
30152327
30152134
30151011
30150471
30150182
30148880
30145986
30145620
30145403
30145038
30144636
30143761
30143505
30142022
30139304
30138761
30138643
30138360
30135150
30131965
30131357
30130575
30129085
30127627
30126939
30126602
30125157
30122960
30122645
30122537
30122535
30117756
30117414
30116241
30116044
30115997
30115547
30113860
30113237
30113001
30112215
30111375
30111084
30109619
30109610
30109216
30108941
30104781
30104279
30103698
30101767
30100914
30100555
30100394
30098522
30097220
30097187
30096596
30096306
30094521
30089938
30088147
30086819
30086431
30086128
30085090
30082287
30080274
30079629
30079338
30078775
30077662
30076975
30076076
30072990
30071688
30071265
30071220
30071103
30070194
30070189
30069487
30069026
30067741
30067135
30065876
30065706
30064673
30063202
30062367
30062135
30060759
30060757
30059024
30059000
30057339
30056031
30054228
30053875
30053848
30053759
30052651
30049795
30047230
30046326
30045857
30044542
30043621
30043237
30042927
30042695
30041463
30037960
30037794
30037793
30035850
30035437
30034526
30031738
30030897
30030221
30029912
30029383
30028739
30028663
30027150
30026793
30025704
30025362
30024943
30024368
30024367
30024267
30022977
30022245
30021876
30021784
30021632
30020975
30020952
30020936
30018074
30016227
30016205
30016139
30015553
30015465
30015427
30012198
30010947
30010876
30010655
30009868
30005620
30003864
30003233
30002175
30001174
29997755
29997746
29995976
29991925
29988463
29986655
29986648
29986031
29984236
29983286
29982575
29981456
29981455
29980781
29980611
29980559
29979968
29979715
29977229
29976593
29974849
29974550
29973159
29972620
29972348
29971045
29970419
29970011
29969841
29969788
29967163
29967118
29966702
29965961
29963036
29959786
29959036
29958598
29958525
29958461
29957893
29957546
29957170
29954432
29952265
29951318
29950341
29950091
29948353
29947513
29946308
29946049
29946048
29945166
29944685
29942302
29942073
29941335
29941188
29941046
29940954
29940943
29940747
29939124
29938134
29936859
29935338
29931272
29931259
29930068
29930060
29929167
29928976
29927724
29927375
29927091
29926000
29925643
29925449
29925427
29922817
29921601
29921290
29921120
29920558
29916345
29915502
29914486
29911155
29910569
29909819
29909135
29909005
29908812
29904934
29904595
29903042
29900888
29899630
29899011
29898799
29898410
29897463
29897041
29896329
29895453
29894796
29894579
29892274
29890980
29890717
29890332
29889020
29889007
29889004
29888925
29887376
29887245
29886087
29885757
29884611
29881490
29881388
29880338
29879481
29877789
29876359
29875282
29874925
29874266
29874233
29873128
29871751
29871743
29870529
29867900
29867780
29867273
29867263
29867262
29867261
29867260
29867259
29867092
29866857
29866490
29866424
29866255
29866037
29862421
29862373
29861733
29859290
29859096
29857033
29856851
29855532
29854948
29854568
29854046
29853978
29853509
29853497
29852447
29852089
29851734
29851222
29851082
29849518
29848762
29848663
29848409
29848308
29848056
29844400
29844323
29844112
29844096
29806552
29805212
29805209
29805205
29802237
29802236
29800479
29799727
29799389
29799156
29798080
29797763
29796901
29794220
29791305
29791251
29790623
29790584
29789383
29789359
29788965
29784985
29784853
29784578
29784442
29784441
29778204
29777636
29777131
29776751
29776435
29773857
29773624
29773138
29771235
29770902
29770338
29769695
29767711
29765581
29765361
29762871
29762495
29760217
29760132
29758481
29757009
29755948
29755569
29754947
29753483
29753128
29752963
29752866
29752364
29751195
29751119
29750817
29749704
29748402
29748278
29746830
29746829
29746560
29745759
29743478
29743118
29741289
29739469
29738307
29736803
29736286
29735758
29733924
29731790
29731651
29729044
29726970
29724169
29721805
29720631
29720431
29720429
29720285
29720034
29719540
29718386
29717974
29717640
29717015
29713275
29712918
29712613
29708645
29706017
29706010
29704571
29704454
29702266
29702264
29702254
29702230
29701826
29700976
29700357
29700143
29699546
29698825
29697524
29696720
29695449
29692309
29688820
29688339
29687621
29686599
29686153
29685990
29685224
29685223
29685216
29684575
29684574
29684421
29684127
29683364
29682484
29681547
29680957
29680871
29680645
29680388
29678951
29677138
29677130
29676395
29674538
29674530
29674435
29674407
29674124
29673319
29672612
29670608
29669108
29668757
29667576
29665438
29665369
29662886
29662609
29662470
29661138
29660148
29660103
29659873
29658483
29658273
29656900
29655935
29655632
29655479
29655475
29655379
29654871
29654186
29653480
29652728
29652111
29651977
29650385
29649975
29649751
29649749
29649602
29644292
29643424
29641984
29641639
29638186
29637048
29636749
29636083
29636030
29635468
29634754
29633936
29633455
29632088
29631809
29631556
29631471
29631395
29630632
29629333
29628245
29627510
29626788
29625553
29625176
29624923
29623260
29622608
29621350
29621199
29615502
29614521
29614244
29614052
29610639
29609620
29609065
29606594
29606119
29605549
29605523
29605379
29603531
29603335
29602786
29601325
29600487
29599298
29599293
29599163
29599157
29596718
29596458
29596395
29595747
29594087
29593446
29593238
29593058
29590642
29588406
29588398
29588324
29587250
29587179
29584782
29582580
29582503
29581220
29581118
29581076
29581066
29581056
29580371
29578860
29577654
29575777
29575150
29571654
29571578
29570628
29570591
29570446
29567740
29567726
29567164
29566906
29566160
29564145
29563342
29563060
29562369
29559400
29559139
29559131
29557491
29556502
29553064
29549056
29548525
29545786
29545493
29544912
29544487
29543918
29541068
29540644
29538771
29538733
29538732
29538423
29538403
29537700
29536051
29535199
29535195
29533658
29531819
29531522
29531179
29530743
29529716
29529667
29526942
29525800
29525428
29525277
29524500
29522576
29521639
29520483
29519767
29519530
29519526
29519524
29519516
29519514
29518198
29518095
29516892
29516891
29516885
29516234
29515642
29515562
29513134
29512141
29508438
29507895
29506640
29506073
29504486
29501916
29500636
29499135
29498551
29498410
29496827
29496731
29496485
29494706
29494308
29492877
29491850
29491409
29491361
29491338
29491243
29491236
29491013
29490692
29490469
29489447
29488678
29488120
29487729
29487327
29487047
29486812
29486226
29485690
29483118
29482996
29482620
29481677
29481600
29481553
29480804
29479152
29479024
29479022
29478177
29477807
29477072
29476985
29476656
29475870
29475865
29473906
29472337
29471693
29468144
29467746
29467579
29467397
29465148
29464834
29464298
29463617
29463531
29463301
29462845
29462790
29462623
29461187
29459888
29458676
29458554
29458398
29457961
29457001
29456938
29456807
29454847
29454363
29453863
29451055
29449580
29449396
29449389
29449387
29449376
29449375
29449345
29446837
29446491
29445211
29444845
29444837
29442252
29441201
29440750
29440735
29439478
29437114
29437099
29436423
29433835
29433832
29432821
29432596
29430660
29429850
29427803
29426966
29422809
29420823
29420802
29420060
29417358
29416558
29416529
29416359
29416082
29415075
29414724
29413496
29411777
29410487
29410448
29409749
29408631
29408032
29406792
29404410
29403477
29399361
29398274
29396526
29395918
29395835
29395635
29395563
29391815
29391693
29390368
29385109
29385060
29383574
29382731
29382230
29381715
29380697
29379792
29379591
29378646
29378240
29377933
29377548
29377524
29377506
29377359
29377174
29375536
29374205
29373674
29373309
29373268
29373263
29373088
29373087
29372652
29372405
29369333
29366720
29366462
29365397
29365094
29364884
29363884
29362708
29361960
29361027
29358683
29357385
29356240
29356200
29355575
29354639
29351668
29351622
29349902
29349897
29348921
29348592
29348359
29346620
29346316
29344363
29343625
29343515
29341499
29341220
29339462
29339424
29339416
29338557
29337807
29337609
29335921
29335005
29332651
29331669
29331471
29331451
29330183
29329785
29329028
29327820
29326675
29326664
29326168
29325146
29325123
29324884
29322764
29322352
29321921
29319518
29316971
29316016
29315809
29314679
29313867
29313474
29313470
29312280
29312155
29311088
29311079
29309802
29309631
29307649
29307484
29307341
29305547
29302058
29300307
29299535
29299529
29299516
29299264
29298746
29298110
29298101
29297428
29296593
29295977
29293397
29293275
29288674
29286449
29286226
29284206
29281672
29281642
29280544
29280073
29279484
29279444
29279439
29279326
29278907
29277839
29276158
29274485
29274054
29273248
29272560
29272470
29270693
29269859
29269438
29266585
29264964
29264584
29264368
29264357
29263015
29262319
29259599
29259028
29258921
29255729
29255684
29255538
29255284
29253906
29253156
29251393
29250924
29250076
29247804
29247803
29246776
29243211
29242055
29238639
29238572
29238471
29238457
29238456
29238454
29237792
29237453
29236732
29236381
29236038
29235352
29234609
29234391
29233782
29233459
29233256
29233254
29233193
29229736
29229729
29229634
29229440
29229193
29228901
29228173
29227738
29225754
29225091
29223608
29222442
29219305
29219107
29218039
29218035
29217379
29216932
29216342
29213998
29212897
29211907
29211829
29210453
29208695
29208586
29208584
29208582
29205193
29204282
29204224
29203765
29203490
29203489
29202841
29201922
29201859
29201767
29197523
29197401
29197331
29197124
29196489
29196175
29195961
29195496
29193304
29193197
29193174
29192083
29191979
29191610
29191166
29191075
29187672
29186903
29186015
29184377
29184372
29184366
29184361
29183727
29183358
29182847
29181634
29181300
29180752
29180366
29180278
29178841
29178718
29177835
29176665
29176152
29175179
29175016
29175015
29174703
29173800
29173358
29171178
29170639
29169853
29168600
29168130
29167265
29167254
29167250
29165563
29164082
29163646
29163431
29162319
29160896
29160792
29159159
29158482
29158405
29157372
29156865
29154480
29153776
29153149
29152407
29151834
29151654
29149477
29149329
29148895
29148593
29146903
29146850
29146285
29145506
29142211
29142079
29141465
29140744
29140465
29138448
29138308
29137661
29135054
29134270
29134109
29133155
29131545
29127051
29126225
29126221
29125809
29125457
29124307
29123067
29122515
29121465
29120739
29119945
29119059
29118425
29118049
29117225
29116204
29115680
29113689
29112955
29112896
29111438
29111137
29110870
29110847
29109714
29109189
29109172
29109154
29108997
29108883
29108429
29107650
29107195
29107077
29106921
29105847
29105601
29103698
29102989
29102148
29100530
29100064
29097479
29097460
29097338
29097196
29096717
29095885
29095142
29093321
29092052
29091227
29090225
29089938
29089242
29088294
29086107
29085187
29084976
29084861
29084570
29084270
29082673
29082216
29081591
29080625
29080422
29079186
29079185
29079115
29078293
29077956
29077940
29077569
29076047
29075470
29075330
29075329
29074659
29074396
29073941
29072876
29068567
29067689
29066578
29066574
29063692
29063358
29062710
29062329
29062201
29062200
29062198
29062060
29061665
29056927
29055712
29055507
29055204
29054393
29053818
29053686
29051754
29051531
29051315
29051266
29051238
29050990
29050763
29049953
29048275
29047398
29046674
29045813
29045009
29044041
29040502
29038557
29038498
29038283
29038188
29034862
29034857
29031693
29030447
29030135
29030025
29029581
29029051
29028814
29027750
29027348
29026636
29026633
29026620
29025936
29024816
29024796
29024775
29024207
29024057
29023562
29023054
29022684
29022544
29021524
29021375
29020160
29020010
29018410
29018250
29017611
29016676
29016327
28994125
28993958
28993850
28993457
28988932
28988824
28987805
28987390
28986939
28986602
28985698
28984565
28982389
28982023
28981256
28980931
28980459
28980084
28978729
28978426
28974033
28972874
28972863
28972392
28972205
28970943
28970558
30564685
28967887
28967042
28966922
28966891
28966735
28964825
28964757
28963850
28963210
28963209
28963198
28962997
28961934
28961767
28961757
28961675
28959793
28959790
28959738
28959441
28958187
28957426
28956538
28956357
28956275
28955756
28955305
28951208
28950926
28947805
28947739
28947277
28943368
28943257
28943153
28942757
28939965
28936204
28935744
28935742
28935247
28934938
28934211
28934088
28933320
28932250
28931859
28931062
28930281
28930150
28929098
28927684
28923607
28923072
28922066
28920684
28919693
28918489
28915926
28913903
28912815
28911979
28911122
28910381
28910352
28906479
28906182
28906178
28906177
28905230
28905001
28904790
28904189
28904187
28903879
28903876
28903617
28902847
28900539
28898933
28895896
28895864
28893871
28892894
31453233
28892415
28891751
28891140
28891135
28891134
28891023
28890513
28890505
28889297
28888673
28888647
28887725
28887208
28886324
28885626
28883891
28882764
28881515
28880538
28879122
28878342
28877846
28876040
28875548
28875175
28874473
28874377
28874369
28873445
28871245
28871241
28868900
28868270
28867522
28865392
28864509
28864445
28863133
28861526
28861065
28861055
28860260
28860248
28860242
28859990
28859703
28859446
28859268
28856455
28855917
28855689
28854668
28853867
28852966
28852636
28852568
28851971
28851670
28851461
28851359
28851285
28851092
28848714
28848533
28848010
28846409
28845894
28845592
28845576
28844887
28843384
28842946
28840976
28840974
28840810
28840299
28840093
28839036
28839031
28838806
28838778
28837694
28837558
28836670
28836366
28836084
28835650
28835478
28835350
28834294
28832994
28831634
28831285
28831031
28830384
28827421
28827192
28827174
28826839
28826763
28825446
28822698
28821533
28819884
28817900
28817704
28815486
28814302
28811595
28811249
28809156
28808474
28808331
28808292
28807561
28807400
28807300
28806354
28805171
28805017
28804632
28804053
28803792
28802409
28802399
28801698
28800062
28799907
28799283
28798333
28797792
28797158
28795780
28795226
28794894
28794183
28793253
28792792
28792421
28791736
28791213
28789849
28787424
28786066
28784818
28782649
28779997
28779755
28776079
28774972
28774743
28771926
28771138
28771132
28770220
28770172
28768890
28768732
28768603
28765500
28761877
28760933
28760850
28758799
28758263
28758016
28757084
28757022
28757011
28756939
28756637
28756344
28754952
28752955
28752940
28752213
28751154
28751127
28751008
28750102
28749385
28748707
28748533
28748182
28747394
28747153
28744485
28744483
28744481
28739781
28738906
28737340
28736993
28736829
28736270
28735323
28735054
28733314
28732694
28731836
28731477
28730149
28729922
28729430
28729123
28729051
28727722
28726719
28726046
28724744
28723942
28722012
28721251
28721246
28721040
28720731
28720432
28720301
28720300
28719613
28719311
28719293
28718805
28718238
28717075
28716397
28715461
28715415
28715291
28714861
28713359
28712711
28712383
28710849
28708476
28708050
28707018
28705224
28704546
28704495
28704480
28704394
28703707
28703111
28702294
28702198
28702137
28702135
28701712
28701213
28700751
28699854
28698055
28698043
28698036
28697808
28694854
28694485
28693667
28693661
28691138
28690100
28690067
28689652
28688574
28687644
28686397
28684582
28680968
28677124
28675263
28674374
28674313
28674064
28674048
28672877
28669832
28669799
28669673
28669636
28669383
28669198
28668675
28668353
28667623
28667577
28667192
28666431
28665266
28663294
28662376
28662104
28660382
28659389
28658624
28658268
28656966
28656013
28655678
28655557
28654739
28653011
28652462
28652326
28652301
28651361
28650995
28649741
28649284
28649238
28648725
28647581
28646955
28646903
28646338
28644889
28643881
28642847
28642343
28642158
28641671
28639165
28637484
28636791
28635960
28635009
28633877
28633438
28630198
28630074
28629498
28629229
28626537
28625543
30270878
28624549
28623514
28622957
28622949
28622857
28621835
28619800
28619239
28619130
28619040
28618736
28617708
28617577
28616390
28615273
28613139
28612153
28611769
28611756
28611754
28611752
28611290
28611240
28608841
28608671
28607462
28607010
28606644
28605965
28605544
28605496
28605495
28604695
28604259
28603230
28602657
28601840
28600775
28600769
28600445
28600076
28599709
28599616
28599391
28598315
28596942
28596399
28594930
28590067
28588767
28588310
28588140
28588130
28587368
28587290
28586429
28584925
28584639
28584486
28581359
28581211
28579931
28578619
28576541
28574285
28572615
28572037
28571988
28569336
28567419
28567041
28566614
28565851
28562762
28562253
28561030
28559893
28559407
28559293
28559109
28558791
28557665
28552099
28551703
28550594
28550305
28549490
28546214
28545924
28545521
28545485
28545131
28543172
28540258
28537263
28536678
28536286
28536256
28536162
28532993
28532805
28529326
28526794
28526790
28526496
28526094
28524240
28523305
28522905
28522324
28521503
28520999
28516137
28514660
28512232
28511667
28507953
28507799
28507112
28506781
28506721
28506673
28506272
28506215
28505330
28505191
28499958
28499212
28499132
28497316
28497118
28494706
28493885
28493440
28493321
28493034
28492181
28491053
28490261
28487845
28486995
28486933
28484049
28483816
28483256
28481894
28481142
28481057
28478204
28477997
28475359
28475321
28474842
28473832
28473825
28473391
28473372
28473235
28472618
28471602
28468740
28467895
28465441
28465429
28465342
28465161
28463666
28462735
28461883
28461445
28458796
28458051
28457962
28456662
28456445
28455330
28454760
28454646
28454567
28450555
28450501
28450199
28449737
28446902
28443804
28442219
28442112
28441664
28441365
28439871
28439449
28439041
28438941
28436321
28436005
28435202
28435137
28434972
28434406
28431183
28430796
28428133
28427940
28427933
28427433
28426838
28426182
28425998
28425576
28425465
28425146
28424528
28424319
28424249
28422951
28421870
28421079
28421046
28420422
28419236
28419153
28418765
28417069
28417060
28416513
28414631
28412831
28412384
28412378
28411220
28411217
28409263
28408938
28408122
28408091
28407866
28407121
28406248
28405017
28404680
28404644
28403184
28400958
28400760
28400329
28400017
28399940
28399709
28398869
28398347
28396551
28395188
28394942
28394892
28394889
28393441
28392745
28391677
28390848
28389558
28389548
28389546
28389347
28389276
28389172
28388949
28387984
28387835
28386730
28386600
28386471
28386097
28385856
28384546
28382773
28380311
28379731
28379095
28378935
28377905
28376903
28376809
28374900
28374433
28374097
28373201
28372827
28372529
28369275
28367842
28367783
28367407
28367302
28364729
28364623
28362869
28362383
28362299
28362221
28362209
28361233
28360903
28360894
28360865
28360156
28359833
28357385
28357367
28356223
28355179
28355093
28352250
28351712
28351345
28350823
28350745
28348866
28348850
28348839
28348838
28348780
28348770
28348054
28346893
28343946
28343576
28341804
28341801
28341097
28340557
28340327
28337822
28337021
28336842
28336597
28336429
28334216
28333348
28333340
28333314
28333270
28332345
28331993
28331869
28331078
28328947
28326787
28326613
28326072
28325477
28322556
28322291
28321802
28320988
28320831
28318778
28318769
28318591
28317932
28317808
28317801
28317453
28316465
28315387
28315144
28314997
28314993
28314730
28306234
28303625
28302934
28301166
28300674
28300649
28298906
28298453
28298347
28296966
28296882
28296252
28294553
28293541
28290967
28290721
28290188
28288170
28287614
28287494
28286290
28286183
28285730
28285585
28285457
28284621
28284321
28282915
28282645
28282226
28282216
28280385
28280293
28279904
28279848
28279347
28278296
28274699
28274243
28273902
28273167
28272476
28271318
28270849
28267488
28267253
28265515
28264646
28263345
28263305
28262681
28262532
28261190
28261170
28260536
28259139
28257493
28256391
28255450
28254988
28254972
28254374
28253911
28250674
28249575
28249045
28248685
28247861
28247494
28246364
28245252
28245231
28244275
28242352
28242178
28241461
28241058
28240542
28240267
28239398
28239049
28239048
28239047
28239046
28239043
28239042
28238882
28238107
28238016
28237228
28235157
28235077
28235076
28235018
28232822
28232119
28231283
28230102
28224013
28223461
28223382
28223348
28222182
28219407
28219366
28218305
28215893
28214557
28214367
28213654
28213421
28209206
28207308
28206852
28205502
28203238
28202251
28202084
28199899
28199845
28199672
28197720
28196534
28196097
28195096
28194548
28194502
28192431
28192236
28191865
28191745
28190496
28189511
28188095
28187198
28184410
28183394
28183247
28182078
28181345
28180916
28179407
28179203
28178895
28177793
28174696
28174695
28173799
28168566
28167848
28167602
28166862
28166707
28166463
28165869
28165640
28164787
28162845
28161601
28161295
28161293
28159827
28159707
28159381
28158456
28158432
28155911
28153793
28153013
28152054
28151994
28150898
28150451
28149507
28149488
28147281
28146081
28145856
28144427
28143981
28143836
28143787
28138928
28138423
28138343
28138324
28137945
28137878
28137812
28137800
28137577
28137561
28135893
28133734
28132404
28131855
28131374
28130274
28130023
28129787
28127332
28126961
28126936
28125526
28124467
28123629
28122994
28120611
28119477
28119370
28119147
28118090
28116930
28116252
28115502
28115349
28114707
28114427
28112335
28110781
28110777
28110775
28107399
28106761
28106145
28104282
28103325
28099089
28098745
28098301
28098248
28095890
28095778
28093453
28092721
28089673
28089651
28089630
28089443
28088841
28087657
28085133
28082484
28082229
28082174
28082143
28082142
28081123
28080996
28080993
28080251
28078058
28077246
28072845
28070748
28070537
28070255
28069818
28069656
28069325
28068003
28066433
28066370
28065865
28065582
28065351
28065350
28062319
28062293
28062292
28062009
28061803
28060574
28059579
28057747
28057731
28056222
28055571
28054215
28053259
28052846
28052385
28052345
28050412
28049447
28049430
28045455
28043557
28043556
28043491
28043367
28042656
28040174
28040162
30970689
28039342
28039206
28038487
29527229
28035601
28034856
28034855
28034813
28034602
28034365
28033513
28031436
28031280
28031275
28031195
28030619
28029188
28028359
28028088
28024739
28017588
28011969
28011127
28010054
28008820
28007849
28007530
28003963
28003596
28003592
28000924
28000785
28000606
27999652
27999567
27999179
27999045
27998852
27997597
27997573
27997572
27996003
27995270
27993969
27992958
27992527
27992521
27991578
27989234
27988815
27987380
27987123
27987122
27980053
27979952
27979946
27979941
27979782
27978506
27974227
27973324
27966628
27966545
27966323
27960064
27959433
27956424
27955815
27942243
27942004
27939814
27939551
27939163
27939157
27939150
27939145
27938670
27938421
27936929
27936245
27935824
27934834
27933421
27933275
27932653
27932641
27931935
27931692
27930271
27926969
27925336
27923770
27923746
27923675
27920299
27919449
27919180
27917346
27917198
27917158
27916804
27914957
27914869
27914761
27914002
27913316
27913133
27909915
27907875
27904883
27904054
27903891
27903273
27902653
27902389
27902369
27902286
27902201
27900687
27898392
27896297
27895850
27895017
27892954
27892873
27892531
27891501
27891336
27890920
27890457
27890396
27889451
27889262
27888698
27888174
27888123
27888111
27887604
27887603
27886237
27885530
27884741
27884737
27884438
27883952
27883255
27881973
27881852
27881678
27879058
27878781
27876111
27875949
27873736
27873352
27873166
27871362
27871232
27871130
27870236
27868469
27865514
27865423
27865384
27864699
27864448
27863556
27862501
27861350
27860367
27859692
27859600
27858149
27856622
27856588
27855079
27855068
27853454
27852233
27849506
27848981
27847975
27847007
27846578
27846275
27843267
27842757
27841856
27841350
27840256
27838673
27838216
27837233
27837107
27836762
27836012
27835769
27834719
27834680
27833439
27832589
27830989
27830189
27830081
27829836
27824952
27824465
27822784
27822716
27822539
27822247
27821583
27821054
27820969
27820854
27818656
27816681
27816261
27815659
27815279
27815271
27814679
27811101
27811089
27810467
27810219
27809799
27639596
27350114
27106164
27808091
27807739
27807738
27807446
27807151
27806741
27753515
27454317
27806364
27805727
27804278
27803316
27803175
27801367
27800482
27800129
27799466
27799332
27799327
27799326
27799212
27799208
27730639
27796645
27796486
27795428
27795396
27795289
27795272
27789683
27748755
27736780
27163634
27514454
27793731
27793244
27791403
27790972
27789710
27663465
27609635
27515571
27484107
27450433
27389679
27075688
25697347
25435413
27788060
27785764
27765620
27725280
27696597
27696579
27688120
27616446
27580846
27783676
27783422
27782337
27782214
27709647
27665706
27780291
27779835
27777091
27693014
27658736
27120981
27776120
27775684
27775059
27775020
27771054
27717172
27692770
27664300
27586408
27501500
26507785
27770528
27770505
27770041
27770040
27623438
27766569
27765476
27765000
27693635
27530084
27374775
27762428
27762106
27760542
27760375
27759478
27757259
27756711
27756488
27756386
27756355
27756316
27756231
27595304
27755466
27754795
