32142201
32142158
32142141
32141358
32141199
32140638
32140637
32140636
32140635
32140634
32140633
32140573
32140443
32139673
32139556
32138663
32138531
32138258
32138221
32135476
32135442
32135310
32135308
32135260
32134998
32134278
32133979
32133727
32133658
32133345
32133021
32132693
32132547
32132531
32132273
32132243
32132210
32131856
32131604
32130690
32129895
32129889
32128603
32128284
32128282
32128154
32128136
32128120
32127779
32127778
32127777
32127773
32127771
32127759
32127748
32127603
32126583
32126466
32126347
32125991
32124523
32124471
32124291
32124167
32123320
32123202
32122869
32122845
32122832
32122827
32122487
32122457
32122455
32122335
32121604
32121532
32121492
32121417
32121359
32121228
32121137
32121015
32120843
32119794
32119635
32118344
32117347
32117341
32117336
32117331
32117330
32117188
32117153
32116669
32116660
32115818
32115755
32115716
32115694
32115548
32115448
32114345
32114290
32114250
32114232
32114227
32114168
32114037
32114024
32113064
32112132
32111942
32111887
32111840
32111022
32110948
32110505
32110503
32110501
32109946
32107822
32107648
32107612
32107542
32106067
32106015
32105982
32105851
32105574
32105572
32104168
32103526
32103348
32103102
32103090
32103086
32103077
32102675
32102115
32101756
32101417
32100697
32100414
32098849
32098836
32098385
32098302
32098170
32097779
32097637
32097567
32097545
32097434
32097014
32096061
32095829
32095807
32095372
32095101
32095100
32095051
32094642
32094542
32094443
32094002
32093423
32093403
32093300
32093038
32092985
32092896
32092696
32092583
32091314
32091241
32091108
32090436
32090021
32089978
32089637
32089263
32088279
32088245
32087754
32087574
32087544
32087455
32087436
32087368
32087316
32087248
32086860
32086810
32086310
32086307
32086142
32086084
32085604
32085481
32083726
32083218
32083191
32082349
32082302
32082144
32081991
32081040
32081029
32080841
32080302
32080243
32080084
32079368
32079328
32079120
32078588
32078319
32078018
32077277
32076844
32076524
32076508
32076501
32076425
32076387
32076385
32075926
32075333
32074984
32074966
32074019
32072625
32072393
32072392
32072072
32071775
32071534
32070928
32070815
32070270
32070040
32070003
32069993
32069866
32069826
32069723
32068883
32068264
32068078
32067867
32067246
32066887
32066886
32066805
32066358
32065665
32065640
32065394
32064705
32064689
32064655
32064492
32063745
32063663
32063316
32063305
32062985
32062980
32062961
32062707
32062532
32062448
32062377
32062278
32062258
32062196
32061875
32060910
32060893
32060731
32060691
32059896
32059872
32059835
32059591
32059525
32059467
32059459
32059439
32059414
32059367
32059332
32059324
32059104
32058900
32058896
32058861
32058653
32058314
32057879
32057448
32056609
32056355
32056333
32055872
32055050
32055045
32054936
32054112
32053664
32053475
32053204
32053006
32052555
32052099
32051468
32050897
32050838
32050519
32050317
32050043
32050021
32048962
32048715
32048403
32048374
32048326
32048186
32048106
32047508
32047153
32046339
32046163
32045686
32045412
32044619
32044486
32044208
32043747
32043166
32042961
32042958
32042306
32042256
32042250
32042247
32042158
32042157
32041889
32041310
32041250
32041197
32041083
32041012
32040905
32040734
32040314
32038675
32038673
32038557
32037992
32037853
32036878
32036549
32036166
32036161
32036149
32036143
32035325
32035252
32034954
32034627
32034276
32034273
32034102
32034034
32033421
32033191
32033176
32033111
32033039
32032910
32032634
32031910
32031666
32031220
32030790
32030743
32030477
32030474
32029599
32029554
32029476
32028996
32028609
32028031
32027907
32027460
32027368
32026225
32025240
32024705
32024630
32024626
32024218
32024128
32024107
32024106
32024019
32023796
32023268
32023173
32020877
32020732
32019962
32019510
32019505
32019502
32019395
32019201
32018978
32018110
32017604
32017123
32016861
32016855
32016770
32016668
32016142
32015878
32015835
32015830
32015366
32015352
32015145
32014784
32014631
32014560
32014463
32013242
32013186
32012969
32012853
32012795
32012739
32012710
32012285
32011236
32010461
32010460
32010457
32010173
32010171
32008898
32008053
32006835
32006777
32006575
32006376
32005900
32005377
32005168
32005164
32005143
32004947
32004945
32004834
32004385
32004339
32003533
32002333
32001647
32001364
32001316
32000826
32000683
32000643
32000424
31999747
31999455
31999043
31998968
31998358
31998346
31998345
31998343
31998342
31998251
31997759
31997517
31997009
31996144
31996126
31995881
31995862
31995003
31995002
31994728
31994267
31994149
31994027
31993260
31993258
31993255
31993211
31993118
31992718
31992172
31991931
31991819
31991808
31991666
31991557
31991320
31990948
31990663
31990448
31990433
31989423
31989333
31989329
31989312
31989264
31989263
31989261
31988834
31988830
31988661
31988611
31988607
31988605
31988601
31988600
31988373
31988124
31988009
31987028
31986337
31986303
31986155
31986060
31986026
31985780
31985348
31984595
31984462
31983708
31983449
31983329
31982738
31982671
31982517
31982334
31981806
31981668
31981422
31981402
31981259
31981252
31980989
31980951
31980688
31980639
31979989
31979278
31979262
31979176
31979071
31979068
31979040
31979021
31978967
31978859
31978685
31978335
31978185
31976848
31976836
31976537
31976531
31976330
31976124
31975743
31975307
31974693
31974252
31973846
31973076
31973064
31972444
31972394
31972388
31971254
31970959
31970495
31970298
31969672
31969596
31969311
31969310
31968705
31968267
31968145
31967665
31967299
31967291
31965950
31965918
31965645
31965342
31964992
31964883
31964818
31964817
31964816
31964802
31964303
31964234
31963832
31963715
31963590
31963497
31963299
31963272
31963247
31963138
31962167
31961769
31961698
31959109
31958699
31958467
31958151
31958131
31957229
31957142
31957017
31956951
31956674
31956554
31956021
31955752
31955024
31954923
31954299
31954020
31953954
31953897
31953876
31953224
31953170
31952577
31952322
31952260
31951999
31951998
31951938
31951787
31950285
31950281
31950161
31949503
31949177
31948116
31948045
31947957
31947799
31947769
31947751
31947725
31947709
31945804
31945685
31944284
31944266
31943079
31942934
31941935
31940909
31940766
31940727
31940726
31940392
31940359
31939680
31939024
31938752
31938536
31938520
31938515
31938504
31937681
31937676
31937659
31936535
31936458
31936451
31936439
31936327
31936247
31936216
31936194
31936188
31936090
31935682
31935417
31935398
31934680
31934679
31934677
31934676
31934675
31934674
31934673
31933518
31933260
31933166
31932904
31932723
31932701
31931999
31931826
31931807
31931734
31931706
31931629
31931385
31931383
31931341
31931193
31929722
31929061
31928671
31928353
31927428
31927376
31927357
31927318
31927315
31927313
31927208
31926418
31926379
31926316
31926253
31925858
31924156
31923928
31923735
31923325
31923186
31922570
31921292
31921260
31921259
31921071
31921007
31920428
31920103
31919750
31919659
31919469
31919166
31918709
31918235
31917559
31917212
31916897
31916585
31916553
31916390
31916265
31915952
31915587
31915441
31913056
31912615
31912399
31912236
31911491
31911467
31911359
31911192
31910206
31909529
31909330
31909114
31908910
31908848
31908807
31908318
31908165
31907313
31906784
31906141
31905857
31905725
31905710
31905696
31904958
31904879
31904820
31904169
31904097
31903742
31903548
31903533
31902725
31902571
31902504
31902039
31901836
31901539
31901238
31901179
31901139
31901105
31900710
31900675
31900491
31900087
31900036
31900033
31899325
31899321
31899263
31898287
31897402
31896789
31896180
31894701
31894588
31894365
31894064
31894063
31894043
31893456
31892827
31892822
31892134
31892111
31891913
31891784
31891704
31891233
31891020
31890961
31890952
31890753
31890353
31889976
31889884
31889883
31889879
31889878
31889875
31889873
31889869
31889867
31889865
31889861
31889858
31889856
31889853
31889852
31889848
31889841
31889831
31889829
31889826
31889823
31889821
31889818
31889814
31889400
31889276
31888392
31888262
31888166
31888108
31888106
31888087
31887984
31887894
31887890
31887701
31887668
31887613
31887502
31887488
31887263
31887183
31886369
31885644
31885081
31884814
31884347
31884208
31883775
31883340
31883274
31883159
31883073
31882957
31882671
31882546
31882296
31882054
31882053
31882043
31882042
31882041
31881729
31881717
31881651
31881519
31881276
31880893
31880863
31880515
31879884
31879716
31879579
31879525
31879377
31879352
31878891
31878883
31878879
31878861
31878261
31878183
31878175
31878046
31877469
31877368
31876387
31875979
31875149
31874992
31874634
31874631
31874327
31874230
31874229
31874193
31873815
31873769
31873716
31872949
31872857
31872745
31872582
31872519
31872123
31872118
31872071
31871647
31871641
31870918
31870871
31870812
31870631
31869648
31869440
31869386
31867911
31867630
31867530
31867046
31867039
31867033
31866780
31866760
31866741
31866740
31866737
31866736
31866735
31866202
31865155
31865082
31864075
31863850
31863081
31862839
31862641
31862637
31862408
31862372
31862308
31861957
31861687
31861218
31861053
31860937
31860711
31860672
31860319
31860143
31859367
31859126
31858602
31858195
31857665
31856735
31856730
31856592
31856213
31856179
31855841
31854056
31854014
31853647
31853565
31853069
31852940
31852440
31852429
31851546
31850535
31850369
31850034
31850030
31850029
31850004
31849675
31849560
31849559
31849139
31849137
31849067
31848948
31848891
31848048
31847493
31847411
31847345
31847229
31846790
31846380
31845987
31845482
31844713
31844666
31844594
31844583
31844558
31844509
31844319
31844189
31843924
31843905
31843613
31843547
31843238
31842474
31842380
31842272
31841931
31841523
31840846
31840372
31840363
31840355
31840254
31840221
31840193
31839562
31839457
31839323
31838892
31838702
31838316
31838037
31837852
31837638
31837557
31837556
31837349
31837017
31836986
31836973
31836845
31836526
31836516
31835633
31835592
31835421
31835161
31835049
31834807
31834634
31833686
31833579
31833162
31833070
31832952
31832894
31832304
31832153
31831643
31831642
31831245
31830911
31830642
31830581
31830444
31830356
31829525
31829257
31829117
31829102
31829019
31828708
31828531
31828442
31828069
31827681
31827579
31827556
31827196
31827158
31825746
31825516
31824545
31824542
31824534
31824208
31823758
31823181
31823074
31822691
31822680
31822516
31821927
31821879
31821793
31821649
31820250
31820048
31819959
31819887
31818902
31818733
31818248
31817913
31817760
31817486
31817397
31817382
31817365
31817349
31817249
31817232
31817156
31817121
31816999
31816895
31816856
31816593
31816395
31816369
31816347
31816291
31816134
31815440
31815242
31815127
31814371
31814269
31814117
31813878
31813874
31813708
31812691
31812569
31812106
31812053
31811968
31811780
31811757
31811745
31811612
31811021
31810808
31810695
31810590
31810342
31810132
31809931
31809851
31809830
31809608
31809588
31809570
31808956
31808291
31808109
31808087
31807712
31807113
31806555
31805856
31805850
31805747
31805650
31804830
31803542
31803220
31803213
31803193
31802995
31802970
31802606
31802586
31802200
31801876
31801672
31801470
31801469
31801241
31800387
31800173
31799957
31799840
31799788
31799778
31799729
31799147
31799070
31798726
31798670
31798610
31798310
31798199
31797981
31797871
31797760
31797759
31797719
31797388
31797356
31797290
31797285
31797121
31797104
31796733
31796237
31796089
31795978
31795638
31795323
31795265
31795207
31794755
31794052
31792797
31792604
31792392
31792257
31792148
31791497
31791400
31790771
31790769
31790737
31790447
31788888
31788220
31788219
31788206
31787992
31787959
31787384
31787289
31786634
31786007
31785225
31784273
31784131
31784073
31783554
31783134
31783054
31782509
31781862
31781809
31781752
31781223
31781142
31781141
31781139
31781135
31781058
31779910
31779904
31779895
31779654
31779248
31778869
31778814
31778757
31778677
31777964
31777582
31776978
31776777
31776765
31776718
31776673
31776517
31776387
31776060
31775804
31775619
31775614
31775593
31775329
31775310
31775306
31775257
31775230
31774498
31773813
31773731
31772077
31771271
31771241
31771220
31771158
31771100
31770706
31770588
31768121
31768028
31767818
31767749
31766505
31766438
31766135
31766071
31766002
31765956
31765954
31765893
31765875
31765501
31765468
31765023
31764941
31763839
31763752
31763530
31763199
31763124
31763028
31762672
31762668
31762666
31762665
31762664
31762662
31762661
31762659
31762656
31762648
31762647
31762646
31762641
31762633
31762626
31762623
31762615
31762604
31762602
31762510
31762170
31762113
31762057
31762012
31760570
31760479
31760439
31760287
31760074
31759857
31759335
31759268
31759129
31759050
31759010
31758963
31758919
31758609
31757927
31757084
31757070
31756976
31756868
31756867
31756811
31756796
31756202
31755164
31754929
31754285
31753850
31753696
31753653
31752690
31752443
31752309
31752285
31751914
31751895
31751870
31751731
31751426
31751412
31750548
31749813
31749786
31749777
31749698
31749666
31749261
31748990
31748947
31748864
31748328
31747913
31747051
31745912
31745089
31744231
31744153
31744121
31744071
31742328
31741461
31741456
31741407
31740977
31740675
31740605
31739463
31739094
31738478
31738437
31738423
31738159
31737753
31737178
31737011
31736996
31736637
31736634
31736539
31736073
31736015
31735977
31735461
31734920
31734865
31734834
31734754
31734521
31734487
31734454
31734453
31734435
31734387
31733911
31733605
31733538
31733483
31733371
31733119
31732972
31732962
31732948
31732572
31731608
31731430
31731242
31731241
31731238
31730414
31730195
31730194
31729113
31728946
31728539
31728530
31727971
31727917
31727321
31726663
31726517
31726403
31724935
31724244
31723331
31723140
31722801
31722261
31721714
31721580
31721236
31721227
31721130
31721122
31720657
31720437
31720249
31719711
31719705
31719654
31719639
31719433
31718724
31718180
31717865
31717836
31717797
31717611
31717325
31715859
31715109
31713963
31713962
31713870
31713480
31713320
31713286
31713185
31712911
31712760
31712756
31712754
31712701
31712699
31712429
31711510
31710926
31710402
31710100
31709825
31709541
31709483
31708953
31708942
31708886
31708883
31707137
31707015
31706776
31706293
31706200
31706105
31706087
31705812
31705702
31705666
31705223
31704993
31704929
31704591
31704282
31704235
31703619
31703532
31703432
31703351
31702444
31701251
31700527
31700526
31700086
31699587
31699398
31699386
31699333
31699028
31698546
31698176
31698039
31697415
31696441
31696317
31696064
31696019
31695335
31695205
31695083
31693831
31693158
31692523
31692190
31692165
31692158
31690834
31690334
31690333
31690176
31689667
31687972
31687511
31687509
31687429
31687376
31686285
31685990
31685734
31685619
31684880
31684864
31684863
31684028
31683675
31683644
31683620
31683201
31683167
31683070
31682013
31681917
31681383
31681364
31681363
31681354
31681352
31681348
31681196
31680956
31680716
31680284
31680264
31680153
31679927
31679227
31679039
31679006
31679003
31678986
31678727
31678615
31678208
31677836
31677281
31677276
31677265
31676927
31676419
31676399
31675107
31674837
31674782
31673814
31673331
31673103
31673074
31673053
31672881
31672428
31672089
31671795
31671587
31671281
31671142
31670844
31670624
31669984
31669948
31669721
31669502
31669442
31669103
31668878
31667843
31667839
31667628
31667503
31667428
31667419
31667375
31667210
31667024
31667023
31667020
31666961
31666802
31665814
31665761
31665669
31665662
31665547
31665509
31665151
31665101
31664913
31664907
31664731
31664477
31664097
31663825
31663757
31663254
31663019
31662993
31662760
31662730
31662687
31662662
31662620
31662618
31662248
31661911
31661792
31660799
31660269
31659549
31659534
31659470
31659037
31658615
31657460
31656729
31656727
31656398
31656157
31656023
31655918
31655335
31654306
31654304
31654262
31654143
31654107
31654106
31653891
31653677
31653446
31652786
31652760
31652728
31652727
31652440
31652337
31652014
31649811
31649701
31649686
31649167
31649118
31649095
31648539
31648073
31647830
31647563
31647398
31647169
31646978
31646970
31646764
31646753
31646653
31645602
31645587
31645575
31644998
31644650
31644586
31642169
31642093
31641755
31641699
31641621
31641480
31641472
31641470
31641238
31640666
31639644
31639569
31639550
31639535
31639525
31639305
31639249
31639199
31639095
31639092
31639089
31639088
31639087
31639084
31639083
31638910
31638901
31638826
31638425
31637117
31636882
31636692
31636189
31635627
31635179
31635044
31635001
31634053
31633749
31632932
31632628
31632357
31632179
31632101
31632007
31631769
31630995
31630458
31630376
31630169
31629861
31629164
31628563
31628385
31628169
31627854
31627372
31627255
31627115
31626917
31626544
31626285
31626281
31625281
31625127
31624931
31624838
31624267
31624182
31624082
31623782
31623777
31623775
31623655
31623290
31623074
31622798
31622368
31622344
31622313
31621390
31620151
31620113
31619937
31619699
31619616
31618585
31618504
31618451
31618094
31618030
31616445
31615848
31615671
31615032
31614571
31614458
31613919
31613722
31613712
31613189
31612503
31612365
31610463
31610247
31610230
31610057
31610051
31609448
31609030
31609003
31608896
31608890
31608879
31608523
31608169
31608166
31608094
31608092
31608076
31608075
31608040
31607786
31607727
31606785
31606631
31605962
31605813
31605455
31605266
31605258
31604798
31604588
31604314
31604238
31603621
31603389
31602923
31602842
31602502
31602001
31601976
31601817
31601644
31601194
31600873
31600710
31600405
31600336
31600319
31600302
31599920
31598960
31598923
31598756
31598706
31598309
31598068
31597687
31597384
31597312
31597191
31596981
31596965
31596175
31596099
31595539
31595476
31595468
31595362
31594929
31593813
31593748
31593527
31593137
31592282
31592187
31591463
31591451
31591372
31591364
31590878
31590026
31588661
31588399
31588393
31587641
31587430
31587425
31587278
31587257
31587160
31586721
31586706
31586694
31586607
31586285
31586110
31586104
31585801
31585490
31585263
31584646
31584248
31584118
31583993
31583840
31583397
31582820
31582296
31582052
31581648
31581507
31581382
31581322
31581220
31580487
31580434
31580372
31579615
31579614
31579586
31579569
31579145
31579102
31578796
31578407
31577969
31576528
31576412
31576232
31576190
31575667
31575666
31574991
31574440
31574383
31574263
31573213
31572645
31572631
31572630
31572414
31571496
31571300
31570895
31570614
31570580
31570572
31569777
31569761
31569538
31569459
31569272
31569015
31568607
31568481
31568041
31566132
31566062
31565560
31565548
31565353
31564791
31564777
31564776
31564200
31564051
31563718
31563671
31563093
31562744
31562313
31561897
31561513
31561296
31561202
31561201
31561138
31561080
31561073
31560928
31560757
31560751
31560616
31560606
31560129
31559933
31558724
31558606
31558174
31557650
31557180
31555060
31554920
31554701
31554292
31554252
31554237
31553559
31553230
31552756
31552561
31552478
31552101
31552070
31551975
31551622
31551621
31551620
31551618
31551617
31551613
31551483
31551361
31550672
31550588
31550566
31550522
31550503
31550399
31550269
31550046
31549921
31549671
31549529
31549455
31549205
31549137
31548496
31548428
31548411
31548265
31547901
31547616
31547575
31547386
31547329
31547263
31547238
31547166
31547010
31546945
31546184
31546132
31545886
31545882
31544977
31543890
31543868
31542946
31542698
31542655
31542581
31542344
31542335
31542214
31541990
31541946
31541772
31541721
31541437
31541378
31541317
31541257
31541105
31540091
31540034
31540021
31539975
31539652
31539032
31536564
31536486
31535720
31535630
31535042
31534864
31534694
31534677
31534665
31534414
31534408
31534407
31534405
31534403
31534402
31534401
31534399
31534397
31534396
31534395
31534393
31534392
31534391
31534390
31534074
31533697
31533621
31533285
31533278
31533258
31532486
31532352
31532351
31532155
31531554
31530871
31530033
31529807
31529564
31529397
31529289
31529270
31529247
31529102
31528787
31528786
31528783
31528780
31528353
31528118
31527784
31527453
31527423
31527081
31526848
31526505
31526102
31526096
31525682
31525421
31525212
31525039
31524858
31524074
31523160
31523157
31523155
31522940
31522841
31522113
31521660
31521050
31520950
31520944
31520873
31520829
31520787
31520672
31520132
31519986
31519899
31519798
31519278
31519243
31519148
31518852
31518792
31518695
31517989
31517534
31516933
31516926
31516852
31516361
31516360
31516359
31516356
31516350
31516348
31516340
31516330
31515607
31515117
31514380
31514019
31513571
31512371
31511527
31511315
31510990
31510936
31509927
31509637
31509316
31509244
31509229
31509043
31506746
31506679
31506537
31506504
31506473
31506449
31506445
31506442
31505914
31505888
31505852
31505771
31505762
31505440
31505344
31505049
31505037
31504743
31504736
31504501
31503490
31503344
31503325
31502725
31502555
31502527
31502518
31502242
31501978
31501642
31501498
31501245
31500171
31500006
31499467
31499461
31499361
31499190
31499093
31498520
31498455
31496277
31495974
31494810
31494496
31494469
31494344
31494211
31494206
31494202
31494198
31493811
31493672
31493165
31493093
31493072
31492848
31492817
31492462
31491684
31491632
31491398
31490970
31490954
31490677
31489087
31488841
31488572
31487826
31487671
31487399
31486967
31486578
31486174
31485500
31485464
31485186
31485181
31485173
31485172
31485157
31484938
31484680
31484679
31484325
31484090
31483223
31483055
31482328
31482283
31481860
31481830
31481728
31481226
31481215
31481211
31481099
31480701
31480628
31480540
31480528
31480316
31479763
31479577
31478480
31477930
31477892
31477891
31477089
31476286
31475377
31475020
31474084
31473969
31473302
31473248
31472893
31472874
31472868
31471988
31471976
31471780
31471650
31471003
31470868
31470516
31470492
31470472
31470232
31470065
31469960
31469934
31469915
31469459
31469176
31469154
31468958
31468525
31468230
31467804
31467802
31467629
31467324
31467054
31467028
31466647
31466418
31466322
31466313
31466201
31466170
31465817
31465618
31463991
31463669
31463523
31463395
31463030
31463028
31463017
31463007
31463000
31462287
31461963
31461870
31461689
31461539
31461536
31461513
31461165
31459012
31456812
31456718
31456690
31456283
31456194
31456190
31456180
31456046
31455632
31455211
31455048
31455036
31454559
31454446
31454305
31454303
31453420
31453419
31453417
31453413
31453118
31452776
31451904
31450704
31450700
31450653
31450644
31450622
31450368
31450309
31449356
31448975
31448637
31448139
31448134
31447372
31446470
31445419
31445202
31444513
31443459
31443302
31443189
31442811
31442809
31442770
31442725
31442232
31441666
31440967
31440866
31440220
31440013
31439865
31438664
31437929
31437735
31437570
31437503
31437471
31436531
31436379
31436314
31435982
31435736
31435523
31435155
31434930
31433873
31433734
31433660
31433495
31432791
31432685
31432090
31431775
31431532
31431513
31431511
31431130
31430552
31430516
31430481
31430010
31429913
31429697
31429090
31428856
31428347
31428107
31427921
31427733
31427732
31427692
31427607
31427512
31427510
31427465
31426999
31426998
31426865
31426826
31426328
31426325
31426302
31425972
31425745
31424971
31424365
31423587
31423365
31423364
31422883
31422517
31422338
31421577
31421509
31421183
31420962
31420666
31420567
31420336
31420167
31419986
31419684
31419556
31418867
31418777
31418564
31418192
31418191
31418183
31418103
31417627
31417611
31417166
31416582
31416214
31416140
31416013
31415997
31415913
31415849
31415811
31415132
31414312
31414204
31413948
31413205
31412939
31412866
31412775
31412656
31412452
31412439
31411742
31411674
31411493
31411034
31410886
31410590
31410499
31410481
31410286
31410274
31410256
31410251
31410084
31409832
31409403
31409400
31409123
31409026
31408993
31408991
31408821
31408397
31407925
31406682
31406658
31406633
31406483
31406170
31405067
31404578
31404480
31404396
31404279
31404216
31403819
31403664
31402822
31402816
31402706
31402108
31401319
31400785
31400782
31400618
31399870
31399808
31399576
31398902
31398673
31398544
31398280
31397975
31397894
31396788
31396438
31396255
31396248
31396244
31396242
31395966
31395904
31395839
31395636
31395615
31394805
31394779
31393961
31393057
31393007
31392634
31392415
31391194
31390827
31389120
31388588
31388506
31388329
31388327
31388212
31388050
31387989
31387610
31386759
31386275
31386200
31385359
31385255
31385190
31385106
31385094
31384795
31384790
31384770
31384644
31383883
31382875
31382643
31382520
31382508
31382375
31382023
31381955
31380565
31380098
31380085
31380082
31380021
31379961
31379896
31379455
31379451
31378834
31378832
31378650
31378615
31377931
31377725
31377614
31377375
31376597
31376450
31375881
31374885
31374499
31374394
31374268
31374264
31373626
31373555
31372517
31372432
31372426
31372337
31372316
31372177
31371772
31371740
31371615
31371578
31370211
31370102
31369894
31369850
31369563
31368592
31368554
31368491
31368234
31368133
31367913
31367839
31366993
31366913
31366850
31366167
31366134
31365785
31365760
31365607
31364263
31363942
31363104
31362527
31362455
31362362
31362230
31362147
31362123
31360096
31359225
31359224
31359049
31358962
31358630
31358626
31358053
31357053
31356635
31355954
31355497
31355057
31354848
31354763
31354760
31353714
31353615
31353587
31353582
31353168
31352020
31351952
31351329
31351320
31351261
31351183
31350780
31350548
31349871
31349693
31349588
31349572
31349456
31349448
31349442
31349401
31349380
31349168
31348964
31348726
31346832
31346602
31346510
31346435
31346311
31345355
31345328
31344844
31344141
31343888
31343835
31343742
31342693
31342627
31342256
31341578
31341400
31341398
31341397
31341087
31340764
31340556
31340530
31340490
31340000
31339933
31339454
31338892
31338843
31338804
31338474
31338465
31338123
31338115
31338098
31337752
31337712
31337381
31337355
31337343
31337149
31336821
31336582
31336475
31336398
31336385
31336336
31336033
31335684
31335315
31334810
31333709
31333708
31333695
31333479
31333102
31332646
31332332
31331262
31331112
31331076
31329228
31328953
31328758
31328559
31328236
31328166
31328045
31327812
31327654
31326755
31326107
31325808
31325787
31325383
31324775
31324716
31324565
31324345
31323864
31323559
31323542
31323233
31323118
31322300
31322225
31321997
31321607
31321470
31321038
31320820
31320685
31320662
31320586
31320427
31320409
31320072
31319576
31319249
31319241
31319136
31318965
31318199
31318017
31317408
31316912
31316582
31316539
31316489
31316212
31315257
31315236
31314593
31314105
31313999
31313391
31313235
31313230
31312977
31312908
31312907
31312850
31311477
31311193
31310944
31310902
31310817
31310665
31310115
31309923
31309425
31309397
31309137
31309100
31308451
31308219
31307401
31307374
31307060
31306498
31306089
31305146
31305141
31305017
31304983
31304605
31304408
31303844
31303843
31303842
31303841
31303840
31303838
31303829
31303828
31303813
31302810
31302588
31302549
31302343
31301544
31301530
31301134
31300724
31300527
31298471
31297753
31297205
31297159
31297028
31297020
31296940
31296752
31295471
31295460
31295314
31294995
31294488
31294452
31294093
31293906
31293621
31293015
31292718
31292712
31291938
31291885
31291703
31291601
31291587
31291467
31291460
31291045
31290959
31290201
31290101
31290030
31289918
31289227
31289216
31288841
31288728
31288679
31288414
31288394
31288189
31288065
31287927
31287815
31286628
31286378
31285566
31285351
31284946
31284822
31284669
31284640
31284131
31284122
31284016
31283997
31283433
31282545
31282316
31282283
31282217
31282109
31282097
31282048
31281809
31280334
31280091
31280042
31279292
31279071
31279059
31278828
31278728
31277669
31277646
31277407
31277263
31277023
31276403
31275722
31275120
31275086
31274979
31274978
31273999
31273887
31273812
31273669
31273440
31273422
31273402
31273222
31272375
31272033
31271985
31271960
31271944
31271787
31271726
31271327
31271289
31270680
31270003
31269968
31269961
31269200
31269087
31269083
31268709
31268339
31268213
31267650
31267637
31267600
31267586
31267544
31266952
31266697
31266599
31266465
31266239
31266069
31265890
31265465
31264925
31264742
31264712
31264473
31263410
31263243
31262496
31262364
31262314
31262259
31261998
31261970
31261927
31261885
31261879
31261419
31261031
31260700
31260474
31260085
31259788
31259365
31258912
31258519
31258376
31258072
31257753
31257662
31257578
31257449
31257250
31256398
31256391
31256284
31255906
31255572
31255282
31255221
31254856
31254855
31254499
31254477
31254395
31253955
31253825
31253790
31253555
31253088
31252573
31252370
31252252
31252068
31251375
31250883
31250646
31250591
31250536
31250306
31249646
31249558
31248813
31248713
31248143
31248040
31247917
31247908
31247789
31247369
31247340
31247257
31247130
31246580
31246312
31246147
31246137
31246021
31245771
31245751
31245741
31245735
31245687
31245647
31244422
31244340
31244330
31244328
31243658
31243559
31243344
31242847
31242234
31242215
31241702
31241159
31240720
31240656
31240522
31239852
31239507
31239335
31238949
31238850
31237984
31237222
31237203
31237022
31236967
31236960
31236845
31236650
31236313
31236312
31236250
31236227
31235811
31234959
31234862
31234799
31234604
31234298
31234263
31234214
31234093
31233617
31232445
31232192
31231871
31231782
31231754
31231165
31231162
31230563
31230359
31230355
31230354
31229714
31229696
31229587
31229110
31228935
31228808
31228650
31228562
31228333
31226870
31226560
31226540
31226384
31226216
31226200
31226025
31226018
31223230
31223217
31223211
31222653
31222424
31222279
31222163
31222130
31222105
31221737
31220803
31220487
31220201
31220117
31219681
31219634
31217536
31216782
31216776
31216685
31216623
31215648
31215647
31215434
31215363
31214880
31214226
31214208
31214140
31213806
31213707
31213330
31212847
31212081
31211775
31211499
31211370
31211263
31211007
31209886
31209882
31209221
31209214
31209018
31208998
31207578
31207491
31207097
31206926
31206913
31204703
31204696
31204582
31204359
31204226
31203755
31203103
31203043
31202827
31202262
31202065
31202045
31202018
31201842
31201701
31201531
31201355
31201341
31201314
31200643
31200265
31200249
31200197
31200171
31199202
31198946
31198877
31198828
31198559
31198530
31198527
31197816
31197815
31197782
31197270
31196538
31196205
31195952
31195683
31195605
31195254
31194263
31194076
31193923
31193885
31193712
31193458
31193405
31193327
31193212
31193167
31193166
31193129
31192998
31192250
31191596
31191590
31191583
31191568
31190653
31190095
31190078
31189968
31189962
31189898
31187878
31187707
31187675
31187657
31187650
31187379
31187339
31187335
31187131
31187042
31186745
31186563
31186290
31185895
31185420
31185368
31185367
31185263
31185073
31184570
31184524
31184502
31183435
31183422
31182908
31182907
31181737
31181724
31181481
31181402
31181354
31181151
31181089
31180676
31180506
31179705
31179588
31179362
31178882
31178876
31178834
31178677
31177832
31177337
31177026
31176824
31176488
31175580
31174414
31174354
31174034
31174009
31173101
31173073
31172635
31172437
31171740
31171737
31171621
31171578
31171273
31171079
31170659
31170649
31168951
31168931
31168868
31168755
31168715
31168663
31168237
31168235
31168232
31168230
31168227
31168141
31168083
31167403
31167227
31167028
31166965
31166950
31166643
31166336
31165371
31164105
31163996
31163451
31163342
31163042
31162531
31161910
31161367
31161232
31161191
31161024
31161022
31161005
31160997
31160883
31160822
31160545
31159283
31158603
31158428
31157892
31157859
31157415
31157408
31157243
31156676
31156675
31156669
31156667
31156655
31156590
31155422
31154641
31154510
31154072
31153476
31153473
31153016
31152912
31152626
31152227
31152128
31151607
31151385
31151078
31150898
31150781
31150766
31150530
31150097
31149769
31148932
31148928
31148920
31148329
31148172
31148052
31148051
31148040
31148039
31148038
31148036
31147998
31147963
31147835
31147536
31147494
31147433
31147025
31146905
31146681
31146359
31145999
31144357
31144065
31144034
31143194
31143193
31142823
31142655
31142650
31141277
31141226
31141118
31140922
31140884
31139937
31139926
31139515
31139514
31139513
31139511
31139240
31139009
31139004
31138887
31138833
31138710
31138208
31137466
31136898
31136876
31136813
31136587
31136256
31135156
31135151
31135031
31135027
31134764
31134626
31134549
31134112
31134108
31134107
31133992
31133615
31133421
31132750
31132442
31132313
31131470
31130973
31130818
31130813
31130807
31130519
31129520
31129506
31129451
31129436
31129267
31128705
31128700
31128696
31128642
31128509
31128276
31127969
31127960
31127939
31127874
31127689
31127663
31127431
31127395
31127322
31127130
31126579
31126562
31126540
31126420
31126296
31125922
31125883
31125849
31125706
31125618
31125474
31125230
31124378
31124256
31124152
31124135
31124011
31123095
31123015
31122654
31122247
31121985
31121954
31121925
31121822
31121813
31121457
31121254
31120621
31120500
31119499
31119089
31119085
31118951
31118724
31118265
31117681
31117324
31117261
31117253
31117251
31116451
31116447
31115694
31115467
31114670
31114599
31114567
31114013
31113861
31112783
31112779
31112755
31112314
31111740
31111731
31111667
31111359
31111243
31111202
31111102
31111050
31110674
31110661
31110495
31110468
31110139
31109625
31109563
31108319
31107897
31106960
31106836
31106813
31106810
31106730
31106053
31105732
31105482
31105441
31104899
31104343
31104130
31104107
31103983
31103977
31103858
31103796
31103740
31102897
31102869
31102687
31102179
31101916
31101828
31101819
31101818
31101655
31101609
31100903
31100819
31100681
31100667
31100659
31100398
31099728
31099464
31098839
31098614
31097675
31097584
31096720
31096560
31096381
31096353
31096077
31093760
31093477
31093442
31093296
31092831
31092797
31092082
31091784
31091762
31091712
31091491
31090262
31090159
31090074
31089785
31089478
31089147
31088966
31088367
31088297
31088248
31088002
31087845
31087738
31087565
31087074
31086099
31086038
31085987
31085653
31085636
31085428
31085357
31085309
31085246
31084862
31084207
31083642
31083539
31083521
31082599
31081987
31081928
31081897
31081763
31081760
31081152
31081037
31080828
31080673
31080078
31079230
31078910
31078592
31078556
31078053
31078051
31078035
31077991
31077758
31077611
31077330
31077207
31076865
31076488
31075717
31075505
31074867
31074825
31074166
31073809
31073808
31073136
31073133
31072814
31072383
31071998
31071600
31071580
31071271
31071168
31070794
31070766
31070732
31070546
31069848
31069568
31069082
31068976
31068447
31067488
31066072
31066002
31065978
31065939
31065815
31065755
31065499
31063672
31063661
31063151
31063126
31062924
31062852
31062073
31061621
31061536
31061444
31061264
31061103
31061102
31059903
31059877
31059560
31059557
31059137
31058828
31057648
31057340
31056664
31055831
31055133
31055046
31055003
31055002
31054666
31054240
31053708
31053701
31053695
31053686
31053647
31052398
31051456
31051192
31050802
31050704
31049862
31049858
31049561
31049349
31049016
31049015
31049010
31049002
31049001
31048995
31048991
31048984
31048979
31048973
31048972
31048166
31045932
31044286
31044057
31043999
31043692
31042808
31042380
31041769
31041675
31041674
31041659
31041567
31040174
31039529
31038751
31038749
31038317
31038234
31038229
31037959
31037617
31036915
31036667
31036599
31035986
31035832
31035170
31034800
31034724
31034022
31033406
31033359
31033139
31032970
31032706
31032404
31032360
31032015
31031912
31031793
31031786
31031785
31031781
31031444
31031440
31030559
31030328
31030071
31029592
31029334
31029145
31029077
31029030
31029029
31028799
31028545
31028480
31026797
31026777
31026750
31026054
31025473
31025008
31024779
31024762
31024715
31024599
31024595
31024586
31024581
31024580
31024305
31022937
31022487
31022408
31022316
31021716
31021497
31020852
31020717
31020586
31020535
31019671
31018602
31018502
31018421
31017976
31017340
31016993
31016589
31016415
31016143
31016003
31016002
31015989
31015987
31015553
31015512
31015360
31015299
31015196
31015030
31014104
31013291
31012734
31012104
31011887
31011214
31011213
31011177
31010260
31010032
31009894
31009077
31007759
31007643
31007605
31007147
31006831
31004635
31004611
31004487
31004222
31004005
31003684
31003678
31003665
31003608
31003597
31003511
31003061
31002632
31002630
31002611
31002208
31001838
31001773
31001449
31001356
31001290
31001226
31000799
31000272
31000248
31000225
30999691
30999182
30999133
30999132
30999074
30999036
30999024
30999023
30999013
30998778
30998236
30997668
30997348
30996411
30995767
30995692
30994962
30994748
30993793
30993480
30993045
30993038
30992352
30991765
30991752
30991194
30990122
30989968
30989967
30989942
30989880
30989267
30988899
30988401
30988257
30987337
30987219
30987121
30986929
30986458
30986427
30986330
30986249
30985943
30985746
30984580
30984341
30984216
30983048
30982077
30982015
30981682
30981183
30980936
30980618
30980533
30980531
30980270
30980217
30979937
30979833
30979587
30978911
30978905
30978480
30978364
30977280
30977051
30976920
30976841
30976701
30976629
30976188
30976184
30976079
30975889
30974846
30974346
30974048
30973955
30972820
30972483
30972086
30970601
30970477
30969407
30969386
30968500
30968130
30967023
30967016
30965575
30965565
30965386
30964419
30964045
30964037
30964032
30963923
30963892
30963868
30963838
30963833
30963783
30963488
30963049
30962392
30962391
30961965
30961520
30961429
30960661
30959876
30959873
30959857
30959739
30958698
30958472
30958214
30958099
30957401
30956438
30956437
30956430
30956419
30956418
30956417
30955642
30955046
30955027
30954847
30954839
30954837
30954723
30953727
30953323
30953167
30953166
30953115
30952916
30952707
30952087
30951979
30951922
30951442
30950639
30950531
30950198
30949880
30949700
30949664
30949663
30949606
30948550
30948315
30948112
30948104
30948049
30947655
30947089
30947032
30947022
30946772
30946514
30945571
30945179
30945115
30944780
30944491
30944400
30944212
30943029
30941464
30941151
30940828
30940820
30940807
30940669
30940210
30939944
30939737
30938423
30938422
30938324
30938173
30938167
30937740
30937434
30937225
30937219
30937158
30936831
30936269
30936248
30935988
30935100
30934911
30934892
30934874
30934819
30934786
30934713
30934644
30934573
30934148
30933989
30933551
30933514
30933503
30933071
30932733
30931965
30931943
30931415
30931414
30931413
30931412
30930652
30930651
30930415
30928745
30927481
30926863
30926843
30926825
30926809
30926660
30925810
30925809
30925768
30925386
30924906
30924595
30924035
30923770
30923535
30923520
30923239
30923012
30922334
30921572
30921392
30921214
30920312
30920166
30919191
30918910
30918757
30918513
30918083
30918082
30917681
30917134
30917010
30916943
30915897
30915551
30915094
30915043
30914676
30914505
30914498
30914398
30914354
30914328
30913841
30913269
30913219
30912427
30912264
30911144
30911139
30910582
30910580
30910442
30909616
30909573
30909559
30909473
30909382
30909126
30908973
30907222
30906256
30906242
30906138
30906115
30906067
30905831
30905789
30905772
30905635
30904979
30904977
30904941
30903943
30903852
30903843
30903596
30903292
30903216
30903202
30902752
30902746
30902643
30902590
30902042
30901974
30901776
30901692
30901662
30901656
30901145
30901055
30900805
30900761
30900741
30900504
30900496
30900221
30900073
30899180
30899171
30899170
30899159
30899156
30898901
30898582
30898085
30897814
30897716
30897416
30897282
30896182
30895651
30895649
30895616
30895364
30895348
30895316
30895306
30895302
30894635
30894495
30894458
30893826
30893808
30893760
30892660
30892623
30892381
30892096
30892031
30891916
30891701
30891500
30891215
30891188
30891066
30891015
30890407
30890241
30889852
30889743
30889404
30889385
30889278
30888811
30888741
30888506
30888502
30888421
30887662
30887614
30887609
30887533
30887260
30886767
30886374
30886207
30886204
30886128
30886030
30885881
30885649
30885439
30884876
30884413
30884285
30884256
30884071
30884052
30884039
30883788
30883588
30882965
30882703
30881192
30880831
30879469
30878837
30878677
30878346
30878012
30877517
30877284
30877258
30876842
30876454
30876425
30875914
30875897
30875738
30875531
30875445
30875096
30874795
30873865
30873532
30873197
30873190
30873184
30872940
30872791
30872683
30870715
30870567
30870523
30869522
30868423
30868382
30868269
30868165
30867414
30867334
30866542
30866484
30865467
30865277
30864706
30864389
30864382
30864035
30864014
30863963
30863962
30863960
30863932
30863709
30863425
30863068
30862919
30862916
30862864
30862854
30862793
30862749
30862543
30862187
30862127
30862088
30862073
30861529
30861401
30861186
30861100
30861064
30861022
30860643
30858859
30858595
30858588
30858313
30857921
30857709
30857683
30857406
30857310
30857296
30857203
30857135
30857092
30856530
30856436
30856344
30856251
30856076
30854622
30854562
30854547
30854430
30854424
30854279
30854028
30853555
30853243
30852752
30852591
30852555
30852404
30852387
30851989
30851556
30851507
30851213
30851196
30851063
30850820
30850516
30849934
30849710
30849129
30847710
30847671
30847288
30847284
30847135
30847101
30847100
30847083
30847081
30847080
30847066
30847056
30846991
30846979
30846874
30846319
30846274
30845105
30844669
30844668
30844658
30843232
30842763
30842636
30841409
30840631
30840619
30840147
30839691
30838735
30837538
30837530
30837504
30837358
30837347
30837337
30837295
30836887
30836868
30836643
30836318
30836241
30836218
30835942
30835816
30835814
30835536
30835535
30834749
30834599
30834585
30834437
30834188
30833601
30833400
30833027
30833026
30832860
30832844
30832573
30831371
30831271
30830835
30830691
30830454
30830436
30828893
30828506
30828504
30827104
30827059
30826883
30826569
30826488
30826444
30826433
30825577
30825576
30825574
30825430
30825375
30825008
30824940
30824917
30824783
30824749
30824565
30824447
30824089
30824074
30824043
30823656
30823525
30823426
30822712
30822675
30822624
30822532
30822525
30822315
30822136
30821596
30821568
30820970
30820711
30820529
30820165
30819821
30819782
30819112
30818885
30818857
30818833
30818396
30818257
30818212
30818154
30818061
30818008
30816998
30816250
30816146
30816051
30815946
30815945
30815423
30814981
30814907
30813162
30811806
30811532
30811026
30810984
30810962
30810953
30810936
30810900
30810851
30810167
30809803
30809219
30808961
30808959
30808925
30808865
30808744
30808713
30808310
30807245
30806882
30806801
30806770
30806574
30806289
30806230
30806218
30806155
30805921
30805736
30805715
30805179
30805172
30805164
30805130
30804969
30804965
30804964
30804953
30804633
30804519
30804518
30804418
30804180
30804121
30802967
30802599
30802596
30802259
30801919
30801847
30801841
30800674
30800602
30800601
30800243
30800142
30800109
30799761
30799497
30799437
30798877
30798355
30798200
30798173
30798026
30797939
30797669
30797478
30797367
30797344
30796952
30796912
30796452
30796444
30796304
30796274
30796209
30795878
30795747
30795632
30794656
30794480
30793248
30793214
30793193
30793051
30793041
30792995
30792495
30791662
30791522
30791444
30791357
30791095
30790299
30790290
30789160
30788435
30788142
30787308
30787193
30786853
30785887
30784986
30784966
30784476
30784304
30784295
30783925
30783573
30783120
30782993
30782289
30782287
30782180
30781831
30781746
30781709
30781696
30781661
30781526
30781446
30781352
30780014
30779815
30778947
30778750
30778684
30778616
30778338
30778103
30776934
30776352
30776167
30775925
30775775
30775568
30775457
30774947
30774506
30774163
30773319
30772814
30772810
30772807
30772796
30771296
30770962
30770601
30770461
30770459
30769865
30769841
30769763
30769308
30769290
30769236
30769207
30767530
30767244
30767240
30767224
30766659
30766574
30766425
30765805
30764978
30764758
30764664
30763813
30763720
30763694
30763451
30763106
30762920
30761430
30761429
30761341
30761119
30760819
30760771
30760637
30760553
30759795
30759619
30759574
30759553
30759127
30759110
30759085
30758751
30756398
30755627
30755409
30755364
30755237
30755235
30754694
30753647
30753119
30748052
30748050
30746783
30746437
30746436
30745906
30744678
30744353
30743904
30743903
30742726
30742622
30742552
30742499
30742496
30742495
30742108
30741932
30741437
30741357
30740702
30740576
30740574
30740573
30740569
30740568
30740566
30740565
30740564
30740563
30740562
30740561
30740560
30740559
30740558
30740557
30740137
30740117
30740022
30739823
30739501
30739357
30738965
30738440
30738346
30738119
30738117
30738110
30737802
30737607
30737513
30737511
30737411
30736401
30736389
30735725
30735592
30735482
30735115
30734872
30734678
30734200
30734131
30733853
30733796
30733788
30733784
30733781
30733740
30733736
30733639
30733556
30733458
30733435
30733387
30733257
30733176
30732895
30732880
30732561
30732559
30731412
30731401
30730930
30730096
30729811
30729668
30729606
30729580
30729530
30729394
30729080
30729079
30729060
30728837
30728741
30728607
30728604
30728603
30728597
30728581
30728428
30727913
30726992
30726094
30725373
30724447
30724243
30724240
30723249
30722852
30722788
30722779
30721825
30721235
30721084
30720904
30720345
30719668
30719666
30718497
30718349
30717548
30717491
30717215
30716962
30716438
30716065
30715757
30715531
30715506
30715504
30715495
30715440
30715330
30715141
30715125
30714715
