32142241
32142225
32142224
32142223
32142212
32142205
32142200
32142187
32142179
32142172
32142169
32142167
32142165
32142164
32142162
32142156
32142142
32142141
32142138
32142136
32142133
32142123
32142120
32142116
32142108
32142089
32142087
32142085
32142064
32142021
32141995
32141990
32141979
32141964
32141941
32141936
32141926
32141895
32141894
32141889
32141887
32141869
32141867
32141859
32141858
32141846
32141842
32141827
32141811
32141810
32141809
32141804
32141795
32141786
32141769
32141767
32141766
32141755
32141747
32141744
32141733
32141731
32141729
32141718
32141716
32141715
32141708
32141705
32141704
32141702
32141701
32141690
32141677
32141675
32141662
32141660
32141657
32141651
32141629
32141623
32141617
32141616
32141614
32141613
32141606
32141587
32141582
32141579
32141577
32141573
32141566
32141565
32141564
32141563
32141562
32141561
32141560
32141559
32141558
32141557
32141556
32141555
32141554
32141553
32141552
32141551
32141549
32141548
32141547
32141546
32141545
32141544
32141543
32141542
32141541
32141540
32141539
32141538
32141537
32141535
32141534
32141533
32141532
32141531
32141530
32141527
32141513
32141512
32141511
32141504
32141501
32141497
32141494
32141493
32141492
32141489
32141483
32141475
32141474
32141471
32141470
32141465
32141461
32141453
32141452
32141450
32141448
32141447
32141445
32141442
32141441
32141440
32141435
32141431
32141427
32141421
32141420
32141418
32141417
32141416
32141415
32141401
32141394
32141393
32141386
32141383
32141375
32141366
32141353
32141351
32141349
32141340
32141339
32141338
32141321
32141313
32141312
32141308
32141299
32141284
32141283
32141265
32141264
32141263
32141255
32141254
32141248
32141243
32141232
32141228
32141227
32141216
32141199
32141197
32141193
32141187
32141186
32141184
32141178
32141170
32141165
32141150
32141144
32141139
32141129
32141127
32141124
32141122
32141111
32141108
32141106
32141102
32141101
32141093
32141087
32141055
32141050
32141049
32141045
32141037
32141033
32141029
32141025
32141013
32141009
32141004
32140994
32140986
32140981
32140979
32140978
32140977
32140956
32140955
32140943
32140928
32140927
32140913
32140899
32140898
32140897
32140894
32140893
32140892
32140891
32140889
32140885
32140884
32140883
32140882
32140881
32140855
32140854
32140850
32140846
32140823
32140805
32140800
32140799
32140796
32140783
32140778
32140767
32140762
32140760
32140752
32140748
32140747
32140746
32140737
32140736
32140734
32140727
32140726
32140725
32140709
32140698
32140697
32140692
32140691
32140683
32140681
32140667
32140659
32140657
32140648
32140635
32140625
32140621
32140620
32140616
32140606
32140600
32140590
32140589
32140584
32140580
32140576
32140575
32140574
32140572
32140563
32140545
32140533
32140532
32140530
32140527
32140523
32140511
32140493
32140492
32140468
32140467
32140466
32140465
32140464
32140460
32140459
32140455
32140454
32140452
32140451
32140447
32140443
32140442
32140439
32140437
32140435
32140425
32140424
32140421
32140418
32140410
32140404
32140403
32140398
32140397
32140395
32140394
32140391
32140390
32140389
32140388
32140387
32140376
32140353
32140352
32140346
32140328
32140324
32140314
32140311
32140305
32140303
32140296
32140274
32140273
32140269
32140268
32140267
32140264
32140263
32140262
32140261
32140260
32140259
32140256
32140255
32140254
32140253
32140252
32140251
32140249
32140248
32140231
32140226
32140199
32140187
32140184
32140177
32140172
32140168
32140166
32140165
32140163
32140160
32140159
32140158
32140157
32140156
32140155
32140153
32140147
32140143
32140142
32140137
32140111
32140107
32140106
32140100
32140099
32140098
32140078
32140077
32140076
32140074
32140073
32140072
32140071
32140070
32140069
32140068
32140067
32140065
32140064
32140063
32140061
32140042
32140041
32140039
32140038
32140036
32139961
32139953
32139907
32139906
32139903
32139900
32139899
32139898
32139897
32139893
32139891
32139889
32139885
32139884
32139883
32139882
32139879
32139877
32139876
32139873
32139868
32139808
32139799
32139796
32139788
32139783
32139779
32139778
32139776
32139766
32139762
32139754
32139741
32139740
32139737
32139727
32139724
32139722
32139720
32139718
32139717
32139713
32139705
32139701
32139697
32139688
32139684
32139683
32139676
32139674
32139673
32139672
32139671
32139670
32139669
32139668
32139667
32139666
32139665
32139664
32139660
32139659
32139657
32139611
32139610
32139609
32139608
32139607
32139605
32139604
32139602
32139599
32139598
32139596
32139595
32139593
32139586
32139584
32139583
32139567
32139553
32139551
32139547
32139546
32139545
32139544
32139537
32139536
32139512
32139509
32139507
32139506
32139505
32139501
32139476
32139475
32139455
32139439
32139435
32139433
32139432
32139422
32139421
32139419
32139403
32139402
32139401
32139395
32139394
32139393
32139355
32139354
32139353
32139351
32139350
32139332
32139326
32139325
32139317
32139316
32139302
32139300
32139298
32139293
32139292
32139291
32139289
32139282
32139277
32139264
32139263
32139260
32139259
32139257
32139242
32139213
32139200
32139189
32139180
32139163
32139143
32139131
32139130
32139124
32139123
32139122
32139121
32139120
32139119
32139118
32139115
32139108
32139091
32139089
32139072
32139071
32139063
32139045
32139020
32139016
32139015
32139014
32139013
32139012
32139011
32139010
32139008
32139006
32138998
32138993
32138989
32138988
32138984
32138981
32138968
32138954
32138951
32138950
32138947
32138946
32138929
32138928
32138924
32138918
32138912
32138905
32138904
32138903
32138902
32138901
32138900
32138899
32138898
32138894
32138865
32138848
32138844
32138842
32138841
32138840
32138839
32138838
32138807
32138806
32138791
32138790
32138788
32138785
32138783
32138778
32138776
32138774
32138773
32138772
32138771
32138770
32138769
32138766
32138762
32138756
32138754
32138753
32138752
32138751
32138750
32138745
32138738
32138732
32138730
32138729
32138716
32138690
32138685
32138681
32138669
32138668
32138667
32138666
32138659
32138656
32138655
32138653
32138650
32138648
32138647
32138642
32138633
32138627
32138622
32138617
32138615
32138598
32138595
32138593
32138588
32138587
32138569
32138567
32138557
32138556
32138551
32138545
32138544
32138539
32138534
32138532
32138531
32138516
32138509
32138508
32138500
32138469
32138466
32138386
32138385
32138382
32138379
32138377
32138376
32138375
32138372
32138369
32138368
32138363
32138356
32138354
32138352
32138350
32138347
32138343
32138335
32138333
32138332
32138327
32138326
32138325
32138321
32138316
32138314
32138311
32138309
32138308
32138303
32138302
32138300
32138292
32138282
32138280
32138279
32138278
32138265
32138264
32138257
32138253
32138249
32138244
32138242
32138237
32138230
32138223
32138219
32138218
32138216
32138215
32138213
32138203
32138199
32138196
32138193
32138190
32138182
32138181
32138178
32138176
32138174
32138173
32138170
32138169
32138161
32138158
32138157
32138155
32138154
32138153
32138151
32138149
32138146
32135649
32135646
32135643
32135642
32135637
32135636
32135635
32135634
32135633
32135632
32135631
32135630
32135629
32135627
32135626
32135625
32135595
32135594
32135593
32135591
32135581
32135579
32135578
32135577
32135575
32135573
32135567
32135565
32135540
32135531
32135526
32135522
32135515
32135505
32135501
32135495
32135492
32135490
32135481
32135475
32135474
32135472
32135467
32135464
32135463
32135462
32135457
32135445
32135439
32135433
32135430
32135427
32135418
32135413
32135407
32135404
32135401
32135400
32135399
32135394
32135380
32135378
32135377
32135376
32135355
32135354
32135351
32135350
32135344
32135340
32135339
32135333
32135322
32135314
32135311
32135301
32135278
32135276
32135275
32135255
32135254
32135249
32135242
32135239
32135238
32135237
32135229
32135228
32135227
32135226
32135224
32135222
32135221
32135219
32135202
32135192
32135189
32135188
32135187
32135186
32135185
32135181
32135179
32135178
32135177
32135176
32135169
32135167
32135166
32135165
32135163
32135162
32135159
32135158
32135156
32135152
32135148
32135146
32135145
32135139
32135128
32135125
32135124
32135122
32135121
32135120
32135117
32135093
32135085
32135084
32135082
32135073
32135064
32135063
32135052
32135041
32135040
32135036
32135030
32135029
32135028
32135026
32135023
32135022
32135017
32135007
32134998
32134994
32134989
32134988
32134980
32134960
32134955
32134954
32134949
32134943
32134938
32134934
32134930
32134928
32134924
32134923
32134920
32134919
32134902
32134901
32134900
32134899
32134895
32134893
32134862
32134844
32134843
32134842
32134841
32134840
32134838
32134828
32134806
32134795
32134787
32134756
32134755
32134744
32134743
32134711
32134710
32134707
32134699
32134693
32134689
32134679
32134656
32134637
32134635
32134631
32134630
32134570
32134566
32134564
32134561
32134554
32134551
32134535
32134530
32134529
32134525
32134523
32134518
32134497
32134496
32134487
32134486
32134478
32134477
32134471
32134466
32134459
32134453
32134442
32134435
32134428
32134425
32134398
32134397
32134392
32134385
32134383
32134377
32134376
32134375
32134372
32134368
32134365
32134361
32134346
32134344
32134335
32134261
32134256
32134255
32134252
32134243
32134240
32134237
32134215
32134212
32134210
32134209
32134207
32134204
32134203
32134201
32134200
32134199
32134197
32134194
32134191
32134190
32134187
32134186
32134181
32134180
32134175
32134166
32134163
32134157
32134155
32134153
32134149
32134144
32134140
32134139
32134138
32134137
32134130
32134129
32134128
32134127
32134123
32134122
32134119
32134112
32134108
32134100
32134098
32134083
32134074
32134068
32134064
32134040
32134032
32134001
32133997
32133991
32133980
32133979
32133978
32133976
32133975
32133974
32133973
32133972
32133967
32133959
32133958
32133945
32133943
32133940
32133928
32133913
32133897
32133894
32133888
32133878
32133872
32133853
32133847
32133843
32133842
32133841
32133840
32133838
32133837
32133826
32133800
32133799
32133798
32133796
32133794
32133790
32133789
32133788
32133785
32133777
32133772
32133766
32133757
32133755
32133742
32133738
32133736
32133731
32133730
32133718
32133712
32133709
32133707
32133706
32133693
32133692
32133691
32133685
32133683
32133665
32133664
32133650
32133649
32133646
32133644
32133640
32133636
32133635
32133634
32133623
32133604
32133601
32133597
32133571
32133570
32133566
32133541
32133533
32133532
32133527
32133512
32133501
32133495
32133490
32133484
32133474
32133467
32133465
32133463
32133460
32133442
32133439
32133438
32133427
32133426
32133424
32133418
32133417
32133413
32133408
32133407
32133403
32133402
32133396
32133390
32133389
32133384
32133383
32133381
32133374
32133365
32133364
32133360
32133359
32133358
32133357
32133356
32133354
32133352
32133350
32133349
32133348
32133346
32133345
32133340
32133338
32133306
32133304
32133303
32133302
32133301
32133300
32133299
32133298
32133296
32133294
32133293
32133292
32133291
32133289
32133288
32133285
32133284
32133283
32133282
32133280
32133279
32133275
32133260
32133258
32133251
32133249
32133246
32133243
32133237
32133231
32133228
32133221
32133217
32133214
32133213
32133212
32133164
32133158
32133156
32133155
32133153
32133152
32133151
32133147
32133146
32133145
32133140
32133128
32133124
32133105
32133104
32133086
32133074
32133068
32133066
32133064
32133063
32133060
32133057
32133048
32133047
32133046
32133045
32133044
32133022
32133019
32133014
32133013
32133012
32133011
32133010
32133009
32133008
32133007
32133006
32133004
32133002
32133001
32133000
32132999
32132997
32132995
32132994
32132993
32132992
32132991
32132990
32132989
32132988
32132986
32132983
32132982
32132980
32132979
32132976
32132962
32132961
32132935
32132929
32132927
32132924
32132922
32132921
32132914
32132902
32132900
32132898
32132895
32132890
32132888
32132881
32132875
32132874
32132872
32132871
32132870
32132869
32132867
32132865
32132812
32132740
32132736
32132734
32132727
32132718
32132714
32132711
32132710
32132709
32132707
32132706
32132705
32132701
32132694
32132683
32132681
32132673
32132672
32132671
32132670
32132669
32132668
32132657
32132656
32132655
32132653
32132651
32132649
32132648
32132643
32132640
32132638
32132634
32132633
32132631
32132628
32132626
32132617
32132611
32132607
32132598
32132594
32132587
32132583
32132580
32132577
32132574
32132570
32132569
32132567
32132566
32132561
32132557
32132555
32132553
32132551
32132546
32132543
32132541
32132539
32132536
32132534
32132532
32132528
32132527
32132526
32132523
32132522
32132519
32132514
32132483
32132396
32132388
32132387
32132384
32132383
32132380
32132364
32132361
32132348
32132347
32132335
32132329
32132325
32132324
32132320
32132319
32132313
32132307
32132305
32132293
32132291
32132289
32132285
32132279
32132274
32132273
32132265
32132244
32132242
32132240
32132239
32132238
32132237
32132236
32132235
32132233
32132232
32132231
32132230
32132218
32132216
32132211
32132210
32132204
32132203
32132202
32132200
32132198
32132196
32132188
32132181
32132174
32132173
32132172
32132171
32132170
32132169
32132158
32132157
32132154
32132147
32132144
32132133
32132132
32132131
32132130
32132111
32132110
32132109
32132107
32132105
32132098
32132095
32132092
32132091
32132086
32132082
32132073
32132066
32132060
32132059
32132054
32132053
32132048
32132042
32132040
32132039
32132038
32132037
32132036
32132035
32132034
32132033
32132032
32132031
32132030
32132028
32132027
32132025
32132024
32132023
32132022
32132021
32132018
32131982
32131978
32131977
32131971
32131958
32131957
32131956
32131953
32131950
32131947
32131939
32131938
32131936
32131934
32131933
32131918
32131896
32131895
32131893
32131892
32131887
32131874
32131873
32131858
32131853
32131843
32131833
32131831
32131830
32131829
32131813
32131772
32131767
32131763
32131762
32131755
32131750
32131741
32131737
32131732
32131731
32131714
32131707
32131706
32131696
32131693
32131688
32131674
32131672
32131664
32131663
32131661
32131655
32131653
32131646
32131645
32131644
32131632
32131629
32131614
32131613
32131612
32131611
32131607
32131604
32131585
32131583
32131561
32131560
32131556
32131550
32131549
32131547
32131546
32131545
32131541
32131534
32131519
32131507
32131506
32131500
32131498
32131492
32131483
32131482
32131481
32131466
32131465
32131463
32131460
32131458
32131456
32131451
32131450
32131449
32131439
32131438
32131432
32131431
32131429
32131428
32131421
32131412
32131411
32131407
32131405
32131403
32131402
32131401
32131400
32131398
32131391
32131390
32131388
32131385
32131379
32131377
32131376
32131362
32131358
32131353
32131347
32131345
32131338
32131336
32131335
32131334
32131333
32131329
32131326
32131325
32131323
32131322
32131321
32131320
32131319
32131315
32131313
32131312
32131310
32131309
32131308
32131307
32131305
32131303
32131302
32131301
32131300
32131299
32131297
32131296
32131295
32131292
32131289
32131288
32131286
32131285
32131283
32131280
32131278
32131277
32131276
32131270
32131269
32131268
32131266
32131265
32131264
32131263
32131260
32131258
32131257
32131254
32131252
32131250
32131246
32131243
32131242
32131241
32131240
32131238
32131236
32131235
32131234
32131230
32131224
32131223
32131222
32131221
32131220
32131217
32131215
32131214
32131213
32131212
32131211
32131210
32131207
32131206
32131202
32131197
32131196
32131195
32131194
32131193
32131192
32131190
32131185
32131168
32131167
32131165
32131162
32131158
32131152
31814964
32131150
32131139
32131138
32131130
32131058
32131034
32131025
32131024
32131008
32130980
32130975
32130973
32130970
32130969
32130968
32130967
32130966
32130965
32130964
32130963
32130962
32130954
32130953
32130952
32130941
32130931
32130929
32130917
32130916
32130915
32130914
32130913
32130912
32130911
32130910
32130909
32130908
32130907
32130906
32130905
32130904
32130903
32130902
32130901
32130900
32130899
32130898
32130897
32130896
32130895
32130894
32130893
32130892
32130891
32130890
32130886
32130885
32130884
32130883
32130882
32130881
32130880
32130879
32130878
32130877
32130876
32130875
32130873
32130863
32130860
32130855
32130854
32130853
32130794
32130788
32130787
32130786
32130785
32130784
32130783
32130773
32130760
32130753
32130737
32130733
32130732
32130729
32130728
32130724
32130723
32130722
32130713
32130712
32130711
32130710
32130707
32130706
32130705
32130704
32130703
32130702
32130701
32130700
32130699
32130698
32130697
32130696
32130695
32130694
32130693
32130692
32130691
32130690
32130678
32130677
32130676
32130663
32130661
32130660
32130657
32130648
32130632
32130629
32130622
32130620
32130619
32130610
32130609
32130608
32130607
32130602
32130600
32130598
32130597
32130581
32130580
32130572
32130571
32130568
32130565
32130562
32130557
32130552
32130551
32130546
32130537
32130523
32130518
32130502
32130489
32130487
32130478
32130473
32130472
32130468
32130453
32130452
32130449
32130440
32130439
32130429
32130428
32130427
32130409
32130408
32130407
32130406
32130404
32130380
32130377
32130369
32130365
32130356
32130354
32130342
32130341
32130290
32130281
32130279
32130275
32130269
32130260
32130259
32130250
32130242
32130239
32130238
32130229
32130215
32130207
32130205
32130204
32130203
32130167
32130148
32130108
32130082
32130073
32130072
32130071
32130070
32130033
32130032
32130031
32130030
32130019
32130018
32130014
32130008
32129999
32129996
32129994
32129993
32129990
32129983
32129977
32129976
32129975
32129972
32129960
32129959
32129957
32129956
32129950
32129949
32129945
32129944
32129943
32129942
32129940
32129938
32129937
32129936
32129934
32129933
32129931
32129929
32129924
32129919
32129914
32129905
32129897
32129896
32129894
32129890
32129882
32129880
32129871
32129857
32129852
32129841
32129830
32129829
32129824
32129823
32129817
32129816
32129764
32129762
32129758
32129755
32129747
32129744
32129737
32129712
32129710
32129706
32129705
32129704
32129703
32129700
32129699
32129697
32129689
32129682
32129680
32129674
32129671
32129665
32129659
32129629
32129626
32129611
32129608
32129607
32129597
32129593
32129578
32129577
32129568
32129567
32129557
32129551
32129549
32129548
32129546
32129540
32129537
32129536
32129527
32129526
32129525
32129510
32129509
32129498
32129497
32129495
32129476
32129473
32129471
32129469
32129468
32129462
32129458
32129456
32129453
32129449
32129446
32129445
32129439
32129424
32129420
32129419
32129400
32129378
32129375
32129374
32129372
32129356
32129354
32129352
32129350
32129337
32129330
32129326
32129325
32129324
32129321
32129298
32129295
32129294
32129240
32129239
32129224
32129206
32129205
32129195
32129166
32129162
32129160
32129155
32129153
32129151
32129131
32129120
32129117
32129112
32129104
32129097
32129091
32129084
32129079
32129073
32129072
32129068
32129066
32129063
32129060
32129058
32129007
32129003
32129002
32128998
32128997
32128992
32128987
32128983
32128980
32128977
32128976
32128974
32128969
32128965
32128964
32128961
32128953
32128952
32128948
32128945
32128940
32128919
32128917
32128909
32128906
32128899
32128893
32128889
32128886
32128880
32128876
32128870
32128853
32128852
32128850
32128847
32128843
32128842
32128839
32128821
32128816
32128811
32128753
32128747
32128739
32128725
32128711
32128709
32128694
32128684
32128678
32128671
32128668
32128667
32128664
32128663
32128659
32128658
32128655
32128645
32128627
32128622
32128616
32128610
32128605
32128601
32128598
32128597
32128594
32128591
32128590
32128589
32128585
32128584
32128583
32128581
32128578
32128574
32128565
32128564
32128557
32128508
32128506
32128491
32128482
32128474
32128471
32128470
32128468
32128466
32128453
32128448
32128442
32128433
32128431
32128430
32128419
32128418
32128416
32128409
32128399
32128397
32128391
32128390
32128389
32128372
32128364
32128359
32128355
32128354
32128345
32128343
32128342
32128335
32128325
32128314
32128308
32128282
32128280
32128278
32128277
32128275
32128259
32128258
32128257
32128256
32128254
32128251
32128248
32128247
32128216
32128182
32128181
32128179
32128176
32128175
32128173
32128170
32128165
32128162
32128112
32128111
32128102
32128100
32128096
32128094
32128092
32128091
32128088
32128074
32128073
32128072
32128070
32128069
32128068
32128066
32128064
32128054
32128031
32128025
32128023
32128002
32127993
32127983
32127981
32127976
32127973
32127967
32127966
32127965
32127964
32127962
32127958
32127957
32127956
32127955
32127954
32127953
32127952
32127951
32127949
32127948
32127947
32127946
32127943
32127940
32127939
32127938
32127937
32127936
32127934
32127933
32127932
32127931
32127930
32127929
32127924
32127923
32127916
32127915
32127912
32127902
32127895
32127879
32127863
32127859
32127853
32127820
32127818
32127811
32127797
32127793
32127787
32127786
32127777
32127769
32127768
32127764
32127763
32127760
32127756
32127751
32127717
32127698
32127696
32127692
32127686
32127667
32127658
32127657
32127653
32127652
32127646
32127645
32127641
32127640
32127638
32127637
32127636
32127635
32127624
32127618
32127616
32127614
32127612
32127608
32127601
32127597
32127592
32127590
32127587
32127582
32127574
32127571
32127570
32127568
32127566
32127561
32127560
32127556
32127549
32127548
32127543
32127540
32127533
32127528
32127525
32127519
32127518
32127514
32127497
32127496
32127495
32127493
32127492
32127489
32127478
32127472
32127469
32127468
32127467
32127465
32127464
32127461
32127459
32127458
32127457
32127456
32127454
32127453
32127449
32127448
32127446
32127445
32127444
32127439
32127419
32127418
32127417
32127416
32127410
32127409
32127406
32127405
32127404
32127400
32127399
32127394
32127393
32127392
32127391
32127390
32127389
32127388
32127384
32127357
32127356
32127355
32127354
32127344
32127324
32127295
32127288
32127274
32127262
32127259
32127256
32127249
32127247
32127245
32127225
32127189
32127187
32127181
32127176
32127173
32127169
32127161
32127160
32127159
32127155
32127154
32127153
32127149
32127147
32127146
32127137
32127104
32127071
32127061
32127056
32127052
32127049
32127047
32127043
32127042
32127041
32127038
32127037
32127036
32127035
32127028
32127027
32127025
32127024
32127023
32127022
32127020
32127014
32127013
32127012
32127011
32127008
32127006
32127004
32127003
32126993
32126990
32126983
32126976
32126966
32126963
32126898
32126895
32126887
32126886
32126879
32126877
32126843
32126808
32126790
32126762
32126757
32126753
32126739
32126738
32126736
32126727
32126718
32126714
32126705
32126693
32126692
32126680
32126679
32126678
32126674
32126669
32126646
32126644
32126631
20301702
26389510
26389416
26389342
26389219
26389196
32126625
32126623
32126582
32126565
32126561
32126555
32126554
32126552
32126545
32126538
32126518
32126512
32126510
32126500
32126498
32126497
32126496
32126492
32126487
32126486
32126480
32126469
32126464
32126458
32126451
32126449
32126435
32126416
32126401
32126400
32126396
32126395
32126394
32126393
32126390
32126385
32126383
32126382
32126362
32126360
32126359
32126358
32126351
32126350
32126346
32126329
32126327
32126320
32126319
32126314
32126310
32126308
32126306
32126296
32126289
32126286
32126285
32126281
32126277
32126276
32126275
32126273
32126272
32126269
32126267
32126264
32126263
32126262
32126261
32126260
32126258
32126253
32126252
32126251
32126250
32126245
32126238
32126237
32126236
32126234
32126230
32126229
32126228
32126226
32126223
32126217
32126213
32126212
32126208
32126207
32126204
32126202
32126201
32126199
32126195
32126193
32126188
32126187
32126183
32126173
32126168
32126165
32126159
32126150
32126149
32126148
32126144
32126143
32126142
32126141
32126139
32126128
32126109
32126102
32126082
32126077
32126063
32126054
32126051
32126047
32126039
32126036
32126030
32126023
32126019
32126004
32125987
32125970
32125966
32125944
32125930
32125929
32125927
32125908
32125906
32125905
32125904
32125897
32125895
32125893
32125888
32125883
32125882
32125881
32125878
32125867
32125865
32125862
32125853
32125844
32125841
32125840
32125837
32125823
32125821
32125788
32125787
32125786
32125784
32125783
32125777
32125776
32125773
32125771
32125767
32125766
32125765
32125756
32125748
32125746
32125744
32125743
32125733
32125731
32125730
32125723
32125721
32125708
32125707
32125704
32125703
32125701
32125700
32125696
32125695
32125689
32125673
32125664
32125647
32125637
32125634
32125625
32125608
32125607
32125606
32125605
32125599
32125595
32125594
32125593
32125592
32125578
32125563
32125562
32125560
32125558
32125553
32125535
32125534
32125529
32125524
32125513
32125512
32125507
32125497
32125481
32125478
32125477
32125470
32125469
32125466
32125465
32125451
32125450
32125445
32125443
32125431
32125422
32125399
32125394
32125369
32125365
32125337
32125331
32125329
32125312
32125294
32125291
32125290
32125289
32125288
32125286
32125285
32125284
32125282
32125281
32125280
32125278
32125276
32125271
32125268
32125264
32125263
32125251
32125227
32125225
32125221
32125198
32125191
32125187
32125181
32125175
32125173
32125165
32125159
32125158
32125152
32125151
32125143
32125139
32125132
32125099
32125094
32125093
32125091
32125089
32125086
32125079
32125076
32125075
32125059
32125053
32125048
32125046
32125042
32125037
32125036
32125033
32125030
32125028
32125023
32125019
32125018
32125017
32125014
32125007
32125006
32125004
32124989
32124987
32124977
32124969
32124968
32124965
32124964
32124963
32124962
32124961
32124960
32124959
32124958
32124957
32124956
32124954
32124953
32124952
32124951
32124950
32124948
32124947
32124946
32124945
32124944
32124943
32124942
32124941
32124939
32124938
32124937
32124935
32124934
32124932
32124921
32124918
32124916
32124915
32124900
32124898
32124897
32124889
32124888
32124885
32124869
32124856
32124852
32124850
32124846
32124842
32124822
32124799
32124719
32124718
32124705
32124700
32124699
32124698
32124694
32124686
32124682
32124666
32124661
32124659
32124655
32124652
32124651
32124645
32124643
32124641
32124640
32124608
32124599
32124597
32124596
32124583
32124536
32124535
32124532
32124528
32124521
32124519
32124515
32124513
32124512
32124503
32124502
32124501
32124494
32124491
32124484
32124480
32124478
32124477
32124475
32124474
32124460
32124443
32124438
32124426
32124417
32124416
32124415
32124398
32124397
32124395
32124394
32124392
32124391
32124389
32124388
32124327
32124326
32124325
32124324
32124323
32124322
32124321
32124320
32124318
32124316
32124308
32124289
32124283
32124282
32124270
32124257
32124256
32124252
32124251
32124242
32124241
32124238
32124233
32124231
32124230
32124226
32124192
32124189
32124188
32124184
32124183
32124181
32124177
32124174
32124173
32124161
32124159
32124153
32124141
32124138
32124135
32124130
32124111
32124107
32124105
32124101
32124100
32124098
32124096
32124093
32124090
32124083
32124081
32124076
32124071
32124070
32124052
32124034
32124033
32124030
32124023
32124017
32124010
32124009
32124002
32123996
32123995
32123985
32123983
32123981
32123979
32123971
32123965
32123964
32123962
32123961
32123956
32123952
32123937
32123920
32123910
32123902
32123891
32123890
32123889
32123883
32123864
32123862
32123861
32123860
32123859
32123858
32123855
32123853
32123852
32123851
32123850
32123849
32123848
32123844
32123842
32123836
32123835
32123834
32123831
32123829
32123820
32123818
32123816
32123815
32123813
32123812
32123804
32123781
32123746
32123742
32123736
32123735
32123733
32123732
32123722
32123721
32123717
32123709
32123700
32123668
32123667
32123663
32123662
32123647
32123614
32123609
32123596
32123590
32123586
32123585
32123584
32123583
32123582
32123581
32123580
32123579
32123578
32123577
32123570
32123564
32123560
32123554
32123546
32123541
32123537
32123532
32123520
32123519
32123515
32123494
32123493
32123492
32123491
32123465
32123461
32123422
32123412
32123407
32123397
32123395
32123393
32123392
32123390
32123389
32123388
32123387
32123383
32123380
32123375
32123373
32123371
32123364
32123353
32123350
32123349
32123346
32123343
32123336
32123335
32123334
32123332
32123325
32123323
32123318
32123314
32123312
32123307
32123306
32123304
32123303
32123302
32123301
32123300
32123298
32123296
32123292
32123291
32123289
32123288
32123287
32123276
32123275
32123273
32123265
32123262
32123258
32123257
32123256
32123254
32123240
32123236
32123235
32123232
32123222
32123220
32123217
32123215
32123209
32123203
32123195
32123192
32123188
32123179
32123177
32123174
32123171
32123168
32123166
32123165
32123164
32123163
32123162
32123161
32123160
32123159
32123157
32123118
32123115
32123114
32123112
32123108
32123106
32123105
32123104
32123103
32123101
32123100
32123098
32123095
32123090
32123087
32123085
32123083
32123082
32123081
32123080
32123075
32123074
32123072
32123069
32123068
32123065
32123064
32123047
32123042
32123038
32123037
32123036
32123035
32123034
32123031
32123020
32123014
32123010
32123009
32123008
32122998
32122997
32122996
32122995
32122994
32122993
32122991
32122990
32122989
32122988
32122972
32122971
32122970
32122969
32122967
32122956
32122955
32122953
32122952
32122945
32122943
32122936
32122929
32122926
32122924
32122922
32122921
32122920
32122912
32122910
32122909
32122902
32122897
32122885
32122884
32122860
32122859
32122854
32122851
32122850
32122840
32122837
32122806
32122802
32122794
32122792
32122775
32122774
32122766
32122763
32122754
32122740
32122738
32122731
32122730
32122729
32122724
32122722
32122703
32122692
32122686
32122685
32122675
32122673
32122663
32122662
32122657
32122655
32122654
32122653
32122651
32122647
32122620
32122618
32122616
32122615
32122614
32122607
32122603
32122602
32122600
32122595
32122593
32122591
32122590
32122589
32122583
32122557
32122556
32122554
32122553
32122552
32122551
32122550
32122549
32122547
32122546
32122543
32122542
32122541
32122540
32122539
32122531
32122528
32122527
32122522
32122521
32122513
32122511
32122509
32122507
32122506
32122496
32122495
32122488
32122485
32122478
32122476
32122475
32122471
32122466
32122464
32122450
32122449
32122445
32122435
32122411
32122395
32122393
32122390
32122386
32122385
32122380
32122376
32122374
32122372
32122370
32122365
32122364
32122362
32122360
32122353
32122351
32122338
32122336
32122320
32122307
32122303
32122302
32122301
32122299
32122297
32122296
32122290
32122285
32122281
32122280
32122268
32122266
32122264
32122263
32122258
32122257
32122255
32122242
32122239
32122238
32122227
32122212
32122211
32122204
32122197
32122165
32122145
32122144
32122143
32122142
32122140
32122121
32122116
32122111
32122108
32122107
32122105
32122104
32122050
32122031
32122014
32121968
32121929
32121906
32121895
32121850
32121830
32121829
32121827
32121809
32121778
32121758
32121707
32121704
32121693
32121688
32121667
32121660
32121658
32121656
32121654
32121641
32121640
32121639
32121626
32121617
32121613
32121611
32121610
32121606
32121604
32121598
32121597
32121596
32121595
32121592
32121590
32121588
32121587
32121584
32121580
32121577
32121564
32121562
32121558
32121556
32121554
32121537
32121535
32121531
32121530
32121529
32121527
32121523
32121522
32121518
32121517
32121515
32121501
32121493
32121492
32121490
32121488
32121487
32121482
32121469
32121454
32121449
32121447
32121446
32121443
32121436
32121434
32121430
32121426
32121422
32121418
32121414
32121408
32121406
32121405
32121400
32121394
32121391
32121388
32121386
32121378
32121367
32121365
32121355
32121354
32121351
32121340
32121333
32121332
32121328
32121325
32121322
32121312
32121308
32121307
32121306
32121303
32121302
32121295
32121294
32121292
32121290
32121289
32121287
32121279
32121277
32121275
32121273
32121271
32121269
32121268
32121266
32121265
32121261
32121257
32121252
32121251
32121250
32121249
32121246
32121245
32121244
32121243
32121238
32121237
32121230
32121223
32121221
32121220
32121219
32121206
32121205
32121200
32121188
32121179
32121175
32121174
32121173
32121170
32121166
32121163
32121160
32121155
32121149
32121148
32121147
32121137
32121130
32121128
32121122
32121121
32121115
32121108
32121107
32121098
32121096
32121092
32121091
32121074
32121073
32121071
32121070
32121068
32121067
32121066
32121065
32121064
32121063
32121062
32121061
32121057
32121056
32121049
32121044
32121037
32121035
32121034
32121029
32121028
32121015
32121014
32121012
32121010
32121009
32120995
32120988
32120984
32120983
32120982
32120981
32120973
32120970
32120964
32120963
32120954
32120945
32120934
32120929
32120908
32120905
32120897
32120891
32120885
32120878
32120864
32120861
32120859
32120856
32120851
32120846
32120845
32120844
32120843
32120841
32120839
32120837
32120836
32120833
32120831
32120830
32120829
32120828
32120827
32120825
32120823
32120820
32120819
32120818
32120817
32120815
32120814
32120810
32120801
32120800
32120796
32120790
32120789
32120782
32120777
32120776
32120775
32120774
32120456
32120453
32120438
32120377
32120374
32120359
32120352
32120345
32120344
32120343
32120342
32120337
32120336
32120335
32120334
32120327
32120322
32120315
32120314
32120313
32120311
32120304
32120303
32120301
32120291
32120283
32120271
32120263
32120262
32120257
32120245
32120244
32120243
32120242
32120234
32120230
32120229
32120227
32120221
32120214
32120206
32120196
32120195
32120190
32120185
32120183
32120181
32120172
32120161
32120160
32120159
32120158
32120157
32120156
32120155
32120153
32120151
32120144
32120136
32120135
32120132
32120127
32120126
32120122
32120119
32120108
32120105
32120082
32120079
32120077
32120076
32120075
32120074
32120073
32120072
32120069
32120049
32120044
32120043
32120026
32120025
32120024
32120023
32120022
32120021
32120017
32120014
32120013
32120010
32120007
32120006
32120002
32120001
32120000
32119998
32119997
32119994
32119992
32119989
32119988
32119987
32119978
32119976
32119969
32119968
32119967
32119963
32119962
32119960
32119959
32119954
32119950
32119949
32119947
32119942
32119940
32119936
32119934
32119932
32119929
32119921
32119920
32119919
32119915
32119914
32119913
32119910
32119908
32119904
32119896
32119889
32119877
32119875
32119874
32119872
32119868
32119867
32119866
32119865
32119864
32119860
32119847
32119846
32119843
32119837
32119836
32119833
32119829
32119812
32119811
32119800
32119794
32119789
32119786
32119784
32119782
32119776
32119775
32119773
32119762
32119761
32119754
32119750
32119742
32119739
32119736
32119719
32119717
32119716
32119713
32119711
32119704
32119699
32119697
32119695
32119690
32119684
32119674
32119673
32119672
32119669
32119665
32119655
32119650
32119646
32119645
32119644
32119600
32119574
32119572
32119570
32119540
32119531
32119525
32119519
32119518
32119517
32119515
32119511
32119193
32119189
32119185
32119183
32119180
32119177
32119176
32119172
32119171
32119170
32119169
32119168
32119167
32119165
32119157
32119150
32119148
32119132
32119131
32119128
32119127
32119126
32119120
32119117
32119116
32119110
32119094
32119087
32119085
32119084
32119082
32119079
32119078
32119072
32119069
32119023
32119018
32119016
32119015
32118978
32118916
32118854
32118848
32118847
32118846
32118840
32118839
32118835
32118820
32118816
32118813
32118812
32118787
32118784
32118771
32118769
32118763
32118758
32118741
32118737
32118734
32118733
32118716
32118713
32118705
32118704
32118703
32118679
32118667
32118645
32118639
32118635
32118627
32118626
32118614
32118609
32118607
32118586
32118585
32118582
32118581
32118579
32118541
32118538
32118529
32118516
32118508
32118506
32118505
32118504
32118497
32118494
32118486
32118484
32118479
32118478
32118476
32118474
32118470
32118468
32118467
32118436
32118424
32118406
32118405
32118404
32118402
32118400
32118399
32118396
32118379
32118370
32118363
32118360
32118359
32118357
32118353
32118352
32118349
32118346
32118344
32118343
32118336
32118335
32118332
32118331
32118321
32118319
32118311
32118305
32118302
32118300
32118299
32118296
32118286
32118279
32118270
32118264
32118250
32118226
32118223
32118221
32118219
32118218
32118214
32118213
32118211
32118209
32118207
32118202
32118190
32118181
32118174
32118173
32118170
32118168
32118163
32118158
32118156
32118155
32118151
32118148
32118142
32118141
32118135
32118127
32118097
32118088
32118075
32118073
32118068
32118065
32118063
32118055
32118053
32118051
32118048
32118041
32118040
32118036
32118035
32118034
32118033
32118032
32118031
32118030
32118029
32118026
32118025
32118021
32118018
32118013
32118010
32118008
32118006
32118003
32118002
32118000
32117998
32117997
32117996
32117995
32117994
32117993
32117992
32117991
32117990
32117989
32117988
32117987
32117986
32117985
32117984
32117983
32117982
32117981
32117980
32117979
32117978
32117977
32117976
32117975
32117974
32117973
32117972
32117971
32117970
32117969
32117968
32117967
32117966
32117965
32117964
32117963
32117962
32117961
32117960
32117959
