32142233
32142224
32142222
32142219
32142217
32142216
32142209
32142202
32142167
32142166
32142156
32142148
32142142
32142138
32142136
32142134
32142129
32142111
32142110
32142100
32142096
32142064
32142052
32142026
32142024
32142011
32142010
32142008
32142007
32142006
32142005
32142002
32142001
32142000
32141998
32141994
32141992
32141991
32141990
32141989
32141988
32141966
32141958
32141957
32141956
32141954
32141953
32141951
32141950
32141936
32141918
32141917
32141915
32141899
32141897
32141896
32141895
32141894
32141889
32141888
32141882
32141875
32141867
32141861
32141860
32141857
32141855
32141853
32141851
32141849
32141842
32141840
32141839
32141830
32141826
32141824
32141817
32141810
32141809
32141805
32141804
32141799
32141798
32141793
32141790
32141789
32141788
32141766
32141764
32141736
32141731
32141721
32141717
32141716
32141715
32141710
32141697
32141679
32141674
32141669
32141653
32141648
32141646
32141631
32141628
32141620
32141619
32141617
32141616
32141613
32141593
32141592
32141591
32141588
32141582
32141570
32141569
32141568
32141567
32141566
32141565
32141564
32141551
32141550
32141545
32141510
32141508
32141489
32141487
32141486
32141485
32141484
32141476
32141474
32141455
32141448
32141447
32141445
32141442
32141437
32141436
32141435
32141434
32141431
32141429
32141428
32141427
32141417
32141416
32141415
32141400
32141389
32141384
32141376
32141368
32141366
32141364
32141363
32141338
32141322
32141310
32141306
32141305
32141302
32141301
32141280
32141265
32141263
32141261
32141260
32141259
32141258
32141257
32141255
32141249
32141236
32141232
32141224
32141220
32141218
32141207
32141180
32141173
32141158
32141152
32141151
32141149
32141144
32141143
32141138
32141133
32141129
32141117
32141115
32141113
32141105
32141094
32141089
32141074
32141063
32141062
32141050
32141049
32141047
32141043
32141037
32141036
32141023
32141022
32141015
32141013
32141009
32140997
32140996
32140994
32140992
32140986
32140981
32140979
32140977
32140975
32140955
32140951
32140946
32140945
32140936
32140929
32140924
32140919
32140910
32140909
32140894
32140889
32140886
32140877
32140868
32140863
32140861
32140853
32140844
32140840
32140837
32140836
32140823
32140811
32140803
32140801
32140800
32140798
32140785
32140778
32140775
32140770
32140769
32140765
32140761
32140745
32140737
32140736
32140731
32140726
32140711
32140705
32140682
32140681
32140672
32140671
32140669
32140665
32140662
32140656
32140654
32140653
32140652
32140648
32140641
32140625
32140622
32140620
32140617
32140613
32140612
32140609
32140608
32140601
32140600
32140591
32140590
32140589
32140581
32140575
32140570
32140561
32140552
32140551
32140547
32140541
32140537
32140524
32140496
32140495
32140493
32140477
32140476
32140472
32140466
32140455
32140452
32140451
32140448
32140447
32140436
32140434
32140431
32140429
32140428
32140421
32140417
32140416
32140415
32140412
32140409
32140406
32140404
32140396
32140393
32140391
32140388
32140387
32140383
32140365
32140364
32140363
32140358
32140353
32140352
32140350
32140349
32140348
32140347
32140346
32140341
32140335
32140332
32140330
32140327
32140326
32140319
32140313
32140311
32140308
32140296
32140289
32140288
32140286
32140283
32140281
32140280
32140277
32140269
32140266
32140263
32140261
32140259
32140245
32140242
32140232
32140228
32140226
32140213
32140212
32140210
32140197
32140194
32140192
32140190
32140189
32140188
32140185
32140184
32140150
32140142
32140136
32140133
32140110
32140103
32140102
32140100
32140098
32140092
32140084
32140082
32140080
32140066
32140063
32140062
32140039
32140037
32140030
32140028
32140024
32140008
32140004
32139999
32139957
32139956
32139955
32139945
32139932
32139906
32139905
32139900
32139896
32139890
32139878
32139868
32139848
32139820
32139810
32139802
32139796
32139792
32139786
32139780
32139777
32139775
32139772
32139767
32139765
32139764
32139756
32139751
32139745
32139744
32139722
32139721
32139718
32139709
32139703
32139696
32139695
32139688
32139672
32139667
32139663
32139661
32139659
32139655
32139654
32139651
32139627
32139626
32139622
32139603
32139589
32139567
32139559
32139553
32139546
32139539
32139536
32139507
32139506
32139504
32139503
32139501
32139499
32139494
32139488
32139487
32139480
32139465
32139463
32139459
32139458
32139457
32139455
32139454
32139453
32139450
32139448
32139447
32139446
32139440
32139439
32139438
32139435
32139433
32139425
32139421
32139414
32139407
32139404
32139401
32139392
32139386
32139382
32139380
32139372
32139369
32139365
32139363
32139361
32139354
32139348
32139342
32139332
32139330
32139328
32139319
32139316
32139314
32139313
32139308
32139302
32139300
32139299
32139298
32139293
32139292
32139290
32139288
32139282
32139278
32139277
32139276
32139274
32139271
32139270
32139268
32139262
32139253
32139245
32139240
32139238
32139230
32139218
32139209
32139203
32139199
32139197
32139188
32139183
32139181
32139178
32139177
32139171
32139169
32139166
32139160
32139151
32139148
32139146
32139143
32139141
32139120
32139119
32139117
32139116
32139115
32139111
32139107
32139106
32139102
32139101
32139092
32139089
32139076
32139056
32139019
32139018
32139016
32139015
32139014
32139013
32139012
32139010
32139009
32139008
32139006
32138994
32138991
32138990
32138974
32138969
32138967
32138964
32138963
32138961
32138955
32138953
32138951
32138949
32138947
32138946
32138929
32138919
32138913
32138907
32138905
32138904
32138900
32138885
32138882
32138881
32138879
32138869
32138865
32138858
32138849
32138843
32138840
32138833
32138832
32138830
32138827
32138825
32138819
32138818
32138812
32138796
32138788
32138786
32138772
32138768
32138761
32138754
32138746
32138741
32138740
32138739
32138737
32138733
32138728
32138723
32138720
32138718
32138717
32138714
32138711
32138704
32138698
32138696
32138693
32138690
32138689
32138688
32138687
32138683
32138682
32138679
32138678
32138677
32138676
32138674
32138671
32138667
32138664
32138659
32138653
32138642
32138638
32138632
32138628
32138626
32138623
32138594
32138593
32138589
32138568
32138562
32138555
32138545
32138542
32138541
32138534
32138532
32138530
32138529
32138502
32138501
32138488
32138485
32138483
32138481
32138480
32138477
32138474
32138473
32138472
32138467
32138377
32138375
32138373
32138355
32138353
32138327
32138326
32138322
32138315
32138309
32138307
32138288
32138266
32138265
32138263
32138259
32138253
32138249
32138225
32138223
32138220
32138213
32138212
32138210
32138206
32138204
32138195
32138193
32138182
32138174
32138161
32138158
32138154
32138151
32138149
32135650
32135633
32135631
32135630
32135629
32135627
32135626
32135625
32135624
32135623
32135616
32135614
32135612
32135611
32135610
32135609
32135607
32135604
32135603
32135596
32135593
32135587
32135583
32135582
32135581
32135578
32135566
32135565
32135561
32135549
32135540
32135539
32135537
32135515
32135513
32135512
32135510
32135507
32135505
32135498
32135497
32135487
32135475
32135469
32135463
32135454
32135452
32135448
32135413
32135412
32135404
32135401
32135400
32135394
32135389
32135385
32135374
32135373
32135321
32135302
32135274
32135260
32135247
32135236
32135232
32135218
32135206
32135205
32135204
32135203
32135202
32135194
32135188
32135186
32135184
32135162
32135159
32135158
32135157
32135155
32135154
32135137
32135136
32135131
32135117
32135084
32135080
32135079
32135073
32135066
32135055
32135053
32135052
32135048
32135047
32135031
32135022
32135012
32135010
32135008
32134996
32134991
32134985
32134983
32134976
32134966
32134963
32134958
32134956
32134953
32134952
32134946
32134945
32134942
32134933
32134931
32134923
32134921
32134914
32134911
32134909
32134908
32134902
32134900
32134896
32134861
32134856
32134848
32134843
32134841
32134840
32134839
32134838
32134837
32134817
32134815
32134806
32134805
32134800
32134794
32134793
32134791
32134787
32134768
32134742
32134739
32134738
32134735
32134732
32134730
32134727
32134721
32134719
32134714
32134707
32134700
32134693
32134688
32134681
32134643
32134562
32134555
32134553
32134550
32134548
32134532
32134517
32134516
32134515
32134496
32134489
32134488
32134486
32134485
32134483
32134480
32134478
32134477
32134476
32134475
32134463
32134461
32134452
32134451
32134444
32134439
32134434
32134433
32134428
32134423
32134411
32134410
32134408
32134404
32134400
32134397
32134395
32134394
32134392
32134391
32134390
32134384
32134383
32134381
32134378
32134377
32134371
32134364
32134354
32134338
32134327
32134324
32134278
32134269
32134266
32134226
32134221
32134213
32134208
32134207
32134204
32134200
32134199
32134194
32134193
32134185
32134178
32134173
32134162
32134156
32134149
32134128
32134127
32134123
32134122
32134120
32134118
32134116
32134090
32134026
32134019
32134016
32134015
32134013
32134005
32133997
32133995
32133974
32133969
32133966
32133965
32133964
32133960
32133955
32133951
32133949
32133947
32133944
32133943
32133939
32133929
32133919
32133899
32133893
32133885
32133884
32133883
32133880
32133878
32133875
32133874
32133873
32133868
32133865
32133833
32133831
32133830
32133829
32133828
32133827
32133826
32133822
32133820
32133819
32133809
32133802
32133800
32133798
32133797
32133789
32133773
32133765
32133757
32133751
32133750
32133748
32133741
32133737
32133729
32133728
32133702
32133699
32133698
32133697
32133696
32133695
32133691
32133686
32133676
32133669
32133663
32133661
32133656
32133647
32133645
32133644
32133639
32133635
32133631
32133623
32133622
32133620
32133619
32133618
32133614
32133609
32133601
32133597
32133578
32133577
32133575
32133573
32133566
32133565
32133564
32133530
32133506
32133502
32133498
32133497
32133492
32133457
32133455
32133448
32133447
32133446
32133444
32133443
32133442
32133438
32133431
32133412
32133411
32133396
32133392
32133391
32133385
32133381
32133377
32133376
32133371
32133368
32133366
32133362
32133360
32133357
32133353
32133309
32133306
32133305
32133304
32133302
32133300
32133298
32133291
32133287
32133279
32133278
32133277
32133276
32133275
32133263
32133261
32133256
32133252
32133250
32133246
32133241
32133239
32133228
32133224
32133220
32133215
32133210
32133207
32133205
32133196
32133194
32133191
32133187
32133177
32133176
32133173
32133168
32133165
32133163
32133152
32133151
32133150
32133149
32133136
32133134
32133119
32133118
32133117
32133116
32133114
32133113
32133112
32133111
32133110
32133109
32133108
32133107
32133103
32133097
32133093
32133090
32133089
32133077
32133071
32133064
32133036
32133030
32133029
32133012
32133009
32133007
32133003
32133000
32132999
32132996
32132988
32132983
32132979
32132977
32132970
32132967
32132964
32132962
32132935
32132930
32132929
32132921
32132907
32132899
32132892
32132891
32132887
32132885
32132874
32132864
32132863
32132818
32132815
32132810
32132796
32132792
32132786
32132784
32132778
32132776
32132754
32132753
32132752
32132750
32132738
32132736
32132715
32132710
32132708
32132706
32132701
32132681
32132676
32132674
32132662
32132659
32132654
32132650
32132641
32132638
32132634
32132628
32132617
32132616
32132612
32132611
32132610
32132606
32132604
32132598
32132594
32132582
32132570
32132569
32132555
32132553
32132543
32132537
32132522
32132521
32132509
32132508
32132507
32132505
32132494
32132472
32132460
32132456
32132451
32132449
32132446
32132444
32132440
32132434
32132433
32132430
32132415
32132414
32132406
32132405
32132401
32132399
32132396
32132388
32132387
32132384
32132380
32132379
32132378
32132365
32132348
32132346
32132341
32132334
32132332
32132325
32132324
32132322
32132319
32132317
32132313
32132305
32132297
32132296
32132295
32132294
32132293
32132276
32132275
32132272
32132271
32132270
32132268
32132267
32132265
32132247
32132245
32132244
32132230
32132229
32132227
32132215
32132196
32132190
32132189
32132188
32132187
32132182
32132180
32132176
32132174
32132173
32132156
32132142
32132141
32132140
32132138
32132136
32132134
32132129
32132125
32132121
32132119
32132118
32132101
32132097
32132089
32132084
32132078
32132077
32132075
32132070
32132067
32132064
32132062
32132059
32132058
32132056
32132053
32132052
32132048
32132045
32132043
32132041
32132031
32132012
32132005
32132002
32131999
32131997
32131993
32131987
32131980
32131976
32131960
32131959
32131958
32131957
32131947
32131940
32131918
32131913
32131911
32131908
32131906
32131898
32131893
32131891
32131890
32131889
32131879
32131871
32131869
32131855
32131854
32131849
32131845
32131843
32131841
32131831
32131829
32131825
32131816
32131814
32131813
32131811
32131802
32131790
32131786
32131785
32131783
32131782
32131780
32131777
32131774
32131763
32131761
32131760
32131757
32131756
32131755
32131753
32131746
32131742
32131719
32131709
32131707
32131701
32131687
32131676
32131674
32131664
32131647
32131643
32131641
32131640
32131637
32131614
32131612
32131611
32131608
32131605
32131598
32131583
32131579
32131578
32131576
32131571
32131560
32131556
32131555
32131551
32131527
32131522
32131511
32131506
32131500
32131497
32131491
32131485
32131483
32131477
32131476
32131475
32131474
32131470
32131460
32131453
32131452
32131451
32131443
32131439
32131432
32131431
32131418
32131409
32131408
32131390
32131381
32131368
32131353
32131218
32131209
32131188
32131176
32131167
32131160
32131152
31828224
32131151
32131142
32131141
32131140
32131139
32131137
32131132
32131127
32131118
32131117
32131114
32131113
32131109
32131100
32131067
32131066
32131056
32131034
32131026
32131011
32131009
32131001
32130998
32130984
32130977
32130968
32130967
32130965
32130964
32130954
32130931
32130930
32130928
32130926
32130924
32130922
32130915
32130914
32130903
32130901
32130900
32130897
32130887
32130882
32130879
32130875
32130865
32130864
32130840
32130832
32130818
32130814
32130813
32130806
32130801
32130793
32130790
32130786
32130773
32130761
32130756
32130741
32130737
32130734
32130727
32130726
32130720
32130718
32130715
32130710
32130708
32130706
32130705
32130702
32130699
32130694
32130692
32130691
32130689
32130684
32130682
32130675
32130670
32130662
32130653
32130651
32130648
32130630
32130629
32130624
32130622
32130616
32130610
32130603
32130594
32130579
32130578
32130577
32130572
32130556
32130555
32130548
32130543
32130533
32130521
32130515
32130502
32130499
32130498
32130494
32130472
32130471
32130468
32130467
32130460
32130458
32130450
32130433
32130429
32130428
32130427
32130411
32130410
32130406
32130401
32130400
32130399
32130396
32130386
32130385
32130383
32130382
32130378
32130376
32130371
32130367
32130366
32130364
32130358
32130355
32130351
32130345
32130337
32130332
32130330
32130325
32130324
32130320
32130304
32130303
32130301
32130300
32130299
32130298
32130297
32130291
32130281
32130279
32130274
32130270
32130264
32130263
32130261
32130259
32130257
32130255
32130252
32130251
32130249
32130248
32130245
32130243
32130240
32130229
32130224
32130217
32130213
32130212
32130204
32130201
32130200
32130198
32130197
32130194
32130192
32130188
32130184
32130182
32130181
32130163
32130161
32130158
32130150
32130138
32130119
32130113
32130108
32130101
32130100
32130096
32130094
32130072
32130057
32130054
32130051
32130049
32130047
32130041
32130038
32130033
32130031
32130026
32130023
32130011
32130010
32129994
32129976
32129974
32129956
32129953
32129945
32129938
32129936
32129934
32129931
32129892
32129884
32129883
32129865
32129862
32129857
32129856
32129850
32129845
32129844
32129843
32129827
32129826
32129815
32129798
32129791
32129790
32129764
32129761
32129750
32129749
32129747
32129733
32129713
32129711
32129694
32129693
32129688
32129684
32129681
32129674
32129671
32129670
32129665
32129660
32129639
32129621
32129597
32129590
32129586
32129584
32129583
32129580
32129577
32129576
32129574
32129573
32129572
32129570
32129567
32129566
32129548
32129545
32129526
32129496
32129478
32129477
32129467
32129465
32129464
32129463
32129458
32129457
32129455
32129453
32129449
32129447
32129446
32129445
32129443
32129442
32129397
32129373
32129364
32129354
32129352
32129328
32129319
32129308
32129304
32129299
32129298
32129295
32129273
32129272
32129269
32129266
32129264
32129252
32129248
32129240
32129228
32129226
32129218
32129217
32129215
32129213
32129212
32129211
32129210
32129209
32129208
32129207
32129206
32129204
32129203
32129201
32129200
32129199
32129195
32129194
32129193
32129192
32129173
32129166
32129165
32129164
32129163
32129160
32129154
32129153
32129152
32129151
32129132
32129117
32129105
32129102
32129100
32129036
32129019
32129012
32129008
32128995
32128994
32128978
32128976
32128975
32128974
32128964
32128961
32128960
32128950
32128929
32128928
32128927
32128923
32128921
32128904
32128900
32128893
32128889
32128882
32128876
32128875
32128854
32128852
32128830
32128827
32128824
32128811
32128795
32128790
32128761
32128753
32128752
32128751
32128750
32128749
32128747
32128746
32128745
32128744
32128742
32128739
32128738
32128737
32128726
32128705
32128704
32128702
32128701
32128696
32128688
32128686
32128685
32128671
32128666
32128663
32128662
32128655
32128650
32128647
32128644
32128637
32128634
32128625
32128623
32128621
32128619
32128613
32128611
32128610
32128609
32128594
32128572
32128571
32128569
32128567
32128558
32128517
32128515
32128505
32128503
32128502
32128501
32128500
32128499
32128498
32128493
32128489
32128486
32128483
32128482
32128481
32128479
32128470
32128460
32128448
32128446
32128432
32128431
32128426
32128422
32128419
32128412
32128409
32128390
32128386
32128381
32128374
32128363
32128360
32128351
32128345
32128332
32128331
32128330
32128327
32128325
32128324
32128323
32128321
32128320
32128314
32128311
32128307
32128294
32128292
32128291
32128285
32128266
32128265
32128262
32128259
32128258
32128256
32128254
32128252
32128248
32128240
32128239
32128236
32128234
32128230
32128229
32128227
32128224
32128216
32128213
32128211
32128210
32128209
32128208
32128206
32128199
32128190
32128184
32128181
32128174
32128168
32128158
32128110
32128103
32128098
32128095
32128093
32128086
32128078
32128075
32128067
32128063
32128061
32128058
32128056
32128046
32128039
32128032
32128028
32128027
32128022
32127990
32127989
32127970
32127948
32127944
32127939
32127930
32127923
32127921
32127920
32127905
32127900
32127896
32127878
32127875
32127865
32127862
32127859
32127854
32127853
32127852
32127842
32127831
32127814
32127813
32127811
32127807
32127806
32127803
32127800
32127799
32127787
32127779
32127773
32127762
32127757
32127756
32127743
32127738
32127737
32127734
32127733
32127716
32127698
32127686
32127659
32127646
32127642
32127629
32127626
32127624
32127611
32127609
32127600
32127598
32127593
32127562
32127560
32127559
32127552
32127549
32127544
32127519
32127513
32127512
32127495
32127471
32127468
32127467
32127466
32127463
32127460
32127459
32127458
32127457
32127451
32127447
32127446
32127438
32127428
32127424
32127421
32127413
32127412
32127410
32127409
32127399
32127396
32127394
32127392
32127391
32127386
32127378
32127375
32127360
32127334
32127333
32127330
32127326
32127325
32127322
32127318
32127307
32127299
32127295
32127288
32127283
32127269
32127264
32127257
32127252
32127249
32127247
32127237
32127229
32127228
32127225
32127198
32127191
32127182
32127173
32127148
32127145
32127139
32127138
32127128
32127127
32127126
32127125
32127124
32127123
32127121
32127115
32127111
32127105
32127102
32127100
32127099
32127098
32127097
32127096
32127070
32127063
32127053
32127049
32127047
32127042
32127034
32127017
32127016
32127015
32127013
32127011
32127009
32127006
32127002
32127001
32126997
32126994
32126986
32126983
32126974
32126973
32126972
32126968
32126967
32126966
32126961
32126949
32126946
32126939
32126938
32126935
32126933
32126932
32126916
32126886
32126885
32126869
32126859
32126847
32126839
32126838
32126832
32126831
32126830
32126828
32126826
32126822
32126803
32126793
32126791
32126790
32126786
32126785
32126784
32126783
32126782
32126779
32126756
32126751
32126749
32126745
32126738
32126736
26389266
26389229
26389219
32126606
32126605
32126602
32126585
32126566
32126565
32126558
32126556
32126555
32126554
32126553
32126551
32126548
32126512
32126510
32126508
32126492
32126476
32126475
32126450
32126449
32126445
32126431
32126418
32126402
32126389
32126388
32126365
32126364
32126342
32126338
32126325
32126322
32126319
32126315
32126306
32126302
32126300
32126297
32126296
32126293
32126284
32126274
32126272
32126270
32126269
32126267
32126265
32126239
32126236
32126230
32126229
32126228
32126223
32126219
32126215
32126212
32126211
32126210
32126198
32126197
32126190
32126181
32126170
32126159
32126152
32126148
32126144
32126141
32126139
32126132
32126130
32126127
32126124
32126106
32126104
32126103
32126101
32126095
32126087
32126086
32126083
32126081
32126080
32126078
32126072
32126069
32126066
32126047
32126022
32126021
32126018
32126015
32126013
32126008
32125969
32125964
32125960
32125956
32125953
32125952
32125951
32125942
32125935
32125930
32125923
32125920
32125910
32125909
32125897
32125894
32125873
32125846
32125841
32125788
32125786
32125768
32125766
32125760
32125756
32125753
32125749
32125746
32125740
32125733
32125732
32125729
32125725
32125724
32125723
32125709
32125707
32125701
32125696
32125695
32125678
32125675
32125663
32125658
32125652
32125644
32125630
32125628
32125626
32125624
32125622
32125621
32125620
32125613
32125608
32125607
32125606
32125588
32125561
32125553
32125552
32125540
32125538
32125537
32125527
32125516
32125505
32125502
32125498
32125494
32125457
32125455
32125434
32125426
32125424
32125422
32125402
32125386
32125379
32125376
32125368
32125367
32125337
32125296
32125290
32125285
32125284
32125283
32125282
32125278
32125277
32125272
32125271
32125264
32125263
32125258
32125256
32125254
32125227
32125225
32125212
32125208
32125207
32125206
32125194
32125188
32125180
32125167
32125159
32125157
32125140
32125133
32125132
32125130
32125129
32125127
32125126
32125111
32125108
32125100
32125093
32125090
32125086
32125080
32125076
32125072
32125061
32125050
32125045
32125037
32125029
32125018
32125016
32125011
32125009
32125007
32125005
32125004
32125000
32124990
32124987
32124977
32124964
32124961
32124950
32124947
32124946
32124935
32124928
32124925
32124922
32124921
32124846
32124844
32124836
32124835
32124834
32124831
32124820
32124813
32124803
32124802
32124799
32124733
32124728
32124721
32124720
32124718
32124717
32124716
32124706
32124703
32124701
32124700
32124697
32124692
32124690
32124686
32124682
32124678
32124677
32124676
32124675
32124672
32124669
32124666
32124663
32124651
32124643
32124622
32124618
32124617
32124607
32124597
32124596
32124582
32124567
32124566
32124559
32124549
32124546
32124530
32124521
32124518
32124516
32124514
32124506
32124497
32124496
32124495
32124493
32124490
32124485
32124482
32124470
32124461
32124453
32124447
32124435
32124427
32124423
32124415
32124389
32124387
32124336
32124332
32124324
32124321
32124320
32124314
32124308
32124290
32124271
32124267
32124266
32124263
32124262
32124258
32124252
32124251
32124247
32124243
32124234
32124232
32124225
32124222
32124221
32124219
32124212
32124208
32124197
32124196
32124191
32124189
32124188
32124187
32124180
32124179
32124174
32124172
32124160
32124158
32124150
32124131
32124128
32124127
32124113
32124112
32124108
32124104
32124097
32124091
32124081
32124078
32124061
32124053
32124051
32124048
32124046
32124030
32124026
32124012
32124004
32124000
32123993
32123965
32123957
32123956
32123939
32123938
32123933
32123930
32123926
32123905
32123904
32123898
32123889
32123872
32123865
32123864
32123850
32123846
32123840
32123839
32123838
32123836
32123834
32123832
32123829
32123821
32123818
32123815
32123804
32123802
32123799
32123798
32123796
32123792
32123788
32123787
32123759
32123727
32123722
32123700
32123691
32123682
32123677
32123676
32123674
32123664
32123659
32123658
32123653
32123652
32123646
32123635
32123622
32123611
32123609
32123598
32123575
32123554
32123545
32123528
32123525
32123521
32123491
32123490
32123389
32123386
32123385
32123383
32123380
32123378
32123376
32123366
32123344
32123324
32123323
32123317
32123313
32123312
32123307
32123305
32123298
32123289
32123288
32123287
32123280
32123276
32123257
32123248
32123243
32123241
32123240
32123238
32123234
32123232
32123231
32123229
32123222
32123215
32123207
32123204
32123200
32123196
32123194
32123193
32123189
32123170
32123169
32123165
32123158
32123156
32123153
32123144
32123142
32123141
32123122
32123106
32123100
32123091
32123090
32123088
32123074
32123069
32123062
32123061
32123060
32123053
32123050
32123049
32123048
32123044
32123043
32123034
32123000
32122996
32122974
32122970
32122969
32122960
32122944
32122943
32122942
32122941
32122940
32122939
32122938
32122923
32122915
32122914
32122908
32122907
32122906
32122893
32122882
32122874
32122873
32122863
32122861
32122857
32122837
32122826
32122821
32122815
32122811
32122810
32122798
32122794
32122793
32122788
32122783
32122778
32122777
32122773
32122771
32122767
32122755
32122752
32122744
32122741
32122735
32122718
32122698
32122688
32122680
32122671
32122655
32122646
32122634
32122629
32122627
32122613
32122612
32122610
32122607
32122605
32122602
32122601
32122600
32122599
32122595
32122593
32122592
32122591
32122589
32122587
32122586
32122579
32122578
32122567
32122556
32122548
32122529
32122528
32122523
32122521
32122520
32122475
32122460
32122453
32122449
32122448
32122433
32122430
32122424
32122421
32122410
32122407
32122404
32122402
32122400
32122399
32122398
32122394
32122392
32122385
32122382
32122380
32122378
32122377
32122376
32122373
32122372
32122369
32122363
32122354
32122350
32122329
32122325
32122318
32122317
32122307
32122294
32122292
32122287
32122283
32122280
32122272
32122269
32122266
32122262
32122259
32122256
32122245
32122241
32122231
32122228
32122227
32122226
32122215
32122213
32122212
32122209
32122204
32122200
32122198
32122195
32122194
32122193
32122192
32122191
32122188
32122186
32122185
32122183
32122162
32122157
32122156
32122155
32122152
32122151
32122146
32122139
32122112
32122111
32122110
32121816
32121664
32121654
32121639
32121635
32121633
32121624
32121616
32121612
32121611
32121606
32121602
32121598
32121596
32121587
32121574
32121573
32121571
32121569
32121568
32121564
32121557
32121553
32121551
32121546
32121543
32121541
32121535
32121523
32121519
32121513
32121510
32121509
32121504
32121502
32121499
32121492
32121485
32121483
32121447
32121443
32121441
32121434
32121433
32121424
32121415
32121402
32121393
32121378
32121372
32121371
32121363
32121343
32121328
32121306
32121304
32121302
32121297
32121290
32121287
32121283
32121277
32121273
32121271
32121269
32121265
32121264
32121263
32121260
32121256
32121255
32121253
32121251
32121248
32121234
32121232
32121228
32121221
32121209
32121202
32121201
32121199
32121195
32121190
32121180
32121178
32121175
32121169
32121153
32121150
32121135
32121131
32121123
32121121
32121117
32121108
32121105
32121096
32121095
32121094
32121092
32121082
32121079
32121078
32121072
32121065
32121063
32121053
32121044
32121038
32121033
32121019
32121008
32120995
32120994
32120979
32120967
32120966
32120930
32120928
32120919
32120916
32120913
32120911
32120910
32120908
32120893
32120888
32120885
32120883
32120879
32120876
32120864
32120853
32120852
32120846
32120845
32120836
32120832
32120830
32120819
32120817
32120816
32120793
32120781
32120776
32120465
32120458
32120457
32120449
32120444
32120438
32120431
32120411
32120406
32120404
32120403
32120400
32120380
32120375
32120369
32120362
32120360
32120357
32120348
32120345
32120343
32120342
32120340
32120337
32120315
32120312
32120308
32120306
32120305
32120294
32120293
32120281
32120280
32120250
32120243
32120237
32120228
32120195
32120180
32120145
32120143
32120140
32120132
32120107
32120069
32120067
32120065
32120063
32120051
32120049
32120043
32120041
32120037
32120034
32120032
32120030
32120027
32119994
32119993
32119991
32119989
32119980
32119979
32119976
32119972
32119967
32119965
32119962
32119961
32119960
32119955
32119950
32119941
32119939
32119934
32119928
32119920
32119913
32119906
32119901
32119900
32119897
32119896
32119894
32119885
32119884
32119873
32119859
32119856
32119855
32119854
32119847
32119845
32119835
32119830
32119829
32119825
32119822
32119811
32119803
32119801
32119798
32119796
32119788
32119784
32119762
32119760
32119747
32119739
32119738
32119732
32119724
32119722
32119719
32119716
32119711
32119696
32119690
32119685
32119682
32119672
32119671
32119666
32119657
32119651
32119650
32119644
32119643
32119637
32119634
32119632
32119599
32119589
32119586
32119585
32119584
32119572
32119531
32119223
32119210
32119206
32119198
32119194
32119192
32119187
32119183
32119172
32119168
32119160
32119156
32119144
32119143
32119140
32119136
32119132
32119130
32119129
32119128
32119126
32119119
32119114
32119112
32119110
32119090
32119076
32119062
32119057
32119041
32119036
32118864
32118858
32118855
32118854
32118853
32118851
32118849
32118839
32118838
32118827
32118816
32118815
32118814
32118813
32118811
32118795
32118793
32118787
32118778
32118776
32118767
32118763
32118760
32118759
32118754
32118743
32118739
32118738
32118737
32118734
32118732
32118731
32118727
32118726
32118716
32118714
32118709
32118706
32118704
32118667
32118657
32118655
32118650
32118647
32118644
32118643
32118642
32118640
32118639
32118633
32118625
32118615
32118614
32118594
32118591
32118586
32118582
32118572
32118561
32118543
32118539
32118537
32118534
32118521
32118512
32118506
32118494
32118480
32118476
32118475
32118456
32118444
32118415
32118394
32118393
32118391
32118389
32118386
32118380
32118370
32118359
32118356
32118339
32118333
32118321
32118320
32118317
32118313
32118305
32118301
32118298
32118286
32118278
32118274
32118272
32118267
32118263
32118253
32118201
32118199
32118163
32118127
32118120
32118119
32118109
32118108
32118100
32118097
32118092
32118078
32118075
32118072
32118069
32118068
32118067
32118064
32118063
32118061
32118060
32118059
32118058
32118057
32118055
32118054
32118048
32118047
32118046
32118044
32118043
32118041
32118034
32118032
32118028
32118027
32118025
32118018
32118014
32118012
32118011
32118010
32118009
32118007
32118004
32118002
32118000
32117995
32117993
32117989
32117984
32117983
32117982
32117980
32117979
32117969
32117956
32117953
32117945
32117940
32117930
32117922
32117916
32117914
32117909
32117879
32117850
32117846
32117845
32117844
32117843
32117833
32117831
32117828
32117826
32117825
32117824
32117822
32117821
32117817
32117810
32117809
32117808
32117805
32117799
32117796
32117794
32117793
32117792
32117791
32117790
32117783
32117779
32117777
32117772
32117766
32117761
32117759
32117751
32117748
32117746
32117743
32117742
32117741
32117738
32117737
32117727
32117719
32117716
32117715
32117714
32117712
32117710
32117709
32117708
32117707
32117703
32117699
32117698
32117697
32117694
32117693
32117678
32117672
32117661
32117659
32117657
32117655
32117654
32117653
32117651
32117649
32117642
32117641
32117640
32117636
32117628
32117626
32117624
32117623
32117613
32117605
32117602
32117593
32117590
32117589
32117586
32117582
32117571
32117548
32117547
32117544
32117543
32117540
32117526
32117523
32117522
32117517
32117515
32117511
32117510
32117502
32117497
32117496
32117468
32117461
32117450
32117434
32117433
32117430
32117426
32117425
32117424
32117418
32117416
32117415
32117403
32117387
32117385
32117376
32117373
32117332
32117325
32117321
32117319
32117315
32117314
32117313
32117312
32117310
32117308
32117307
32117306
32117305
32117304
32117301
32117300
32117296
32117295
32117293
32117292
32117289
32117282
32117281
32117278
32117277
32117275
32117274
32117273
32117268
32117262
32117261
32117258
32117257
32117254
32117249
32117246
32117239
32117229
32117225
32117224
32117222
32117220
32117219
32117214
32117211
32117206
32117205
32117204
32117200
32117199
32117196
32117191
32117187
32117184
32117176
32117170
32117168
32117161
32117160
32117158
32117155
32117153
32117144
32117143
32117142
32117141
32117140
32117135
32117134
32117131
32117130
32117129
32117120
32117116
32117113
32117097
32117088
32117082
32117065
32117063
32117056
32117053
32117052
32117050
32117048
32117046
32117039
32117038
32117037
32117034
32117031
32117024
32117019
32117017
32117016
32117013
32117011
32117009
32117003
32116999
32116998
32116985
32116983
32116982
32116981
32116974
32116962
32116944
32116885
32116849
32116848
32116840
32116837
32116831
32116821
32116813
32116810
32116809
32116801
32116793
32116790
32116789
32116779
32116775
32116773
32116765
32116757
32116752
32116751
32116748
32116745
32116733
32116729
32116722
32116720
32116719
32116716
32116714
32116713
32116712
32116711
32116707
32116706
32116702
32116686
32116684
32116673
32116662
32116661
32116659
32116657
32116655
32116652
32116650
32116649
32116647
32116646
32116645
32116644
32116643
32116638
32116624
32116598
32116590
32116584
32116578
32116571
32116568
32116564
32116562
32116561
32116560
32116554
32116551
32116541
32116540
32116538
32116528
32116527
32116526
32116525
32116521
32116519
32116518
32116515
32116511
32116510
32116508
32116503
32116500
32116493
32116491
32116488
32116486
32116475
32116474
32116455
32116440
32116439
32116435
32116434
32116430
32116429
32116424
32116423
32116419
32116417
32116388
32116367
32116343
32116342
32116325
32116295
32116265
32116264
32116263
32116262
32116261
32116260
32116259
32116258
32116257
32116256
32116255
32116254
32116253
32116252
32116251
32116250
32116249
32116247
32116246
32116241
32116239
32116238
32116232
32116224
32116215
32116213
32116212
32116210
32116209
32116207
32116197
32116196
32116192
32116191
32116186
32116150
32116145
32116143
32116138
32116136
32116112
32116109
32116107
32116106
32116097
32116096
32116085
32116082
32116074
32116072
32116066
32116064
32116063
32116056
32116044
32116039
32116038
32116037
32116033
32116020
32116017
32116009
32116006
32115990
32115978
32115975
32115973
32115967
32115937
32115931
32115922
32115921
32115907
32115904
32115902
32115871
32115857
32115853
32115850
32115841
32115840
32115836
32115828
32115825
32115817
32115815
32115814
32115800
32115785
32115773
32115768
32115766
32115762
32115759
32115758
32115747
32115742
32115741
32115733
32115719
32115718
32115715
32115707
32115700
32115688
32115680
32115677
32115676
32115674
32115673
32115666
32115662
32115655
32115646
32115645
32115640
32115638
32115635
32115633
32115631
32115628
32115627
32115624
32115623
32115619
32115607
32115605
32115603
32115585
32115579
32115569
32115557
32115555
32115544
32115543
32115539
32115526
32115519
32115518
32115517
32115516
32115515
32115512
32115510
32115509
32115506
32115504
32115503
32115502
32115497
32115495
32115494
32115487
32115484
32115470
32115469
32115457
32115450
32115440
32115435
32115434
32115428
32115427
32115422
32115418
32115416
32115414
32115409
32115407
32115404
32115401
32115398
32115389
32115388
32115384
32115374
32115372
32115358
32115357
32115353
32115330
32115322
32115318
32115310
32115308
32115305
32115297
32115295
32115294
32115291
32115289
32115281
32115277
32115276
32115273
32115272
32115269
32115267
32115264
32115259
32115258
32115256
32115244
32115242
32115239
32115237
32115236
32115229
32115196
32115171
32115154
32115153
32115150
32115149
32115145
32115123
32115117
32115098
32115078
32115075
32115056
32115045
32115038
32115022
32115018
32115010
32115008
32114985
32114984
32114982
32114981
32114979
32114977
32114974
32114970
32114962
32114943
32114932
32114892
32114890
32114889
32114888
32114887
32114886
32114876
32114862
32114851
32114848
32114828
32114823
32114822
32114814
32114801
32114792
32114788
32114770
32114762
32114755
32114747
32114741
32114734
32114730
32114722
32114718
32114709
32114708
32114707
32114706
32114703
32114692
32114689
32114688
32114681
32114678
32114673
32114671
32114667
32114654
32114652
32114651
32114644
32114639
32114617
32114594
32114593
32114588
32114585
32114583
32114568
32114561
32114549
32114540
32114534
32114527
32114525
32114519
32114518
32114515
32114513
32114511
32114510
32114503
32114502
32114501
32114500
32114498
32114491
32114489
32114487
32114485
32114478
32114477
32114475
32114470
32114468
32114464
32114458
32114455
32114454
32114453
32114449
32114448
32114446
32114442
32114439
32114437
32114432
32114428
32114427
32114423
32114411
32114393
32114389
32114385
32114375
32114369
32114367
32114366
32114358
32114355
32114348
32114332
32114296
32114283
32114282
32114280
32114264
32114252
32114248
32114243
32114226
32114225
32114211
32114209
32114202
32114200
32114199
32114197
32114195
32114194
32114193
32114191
32114182
32114159
32114119
32114116
32114114
32114060
32114056
32114048
32114047
32114046
32114043
32114029
32114028
32114008
32114004
32114000
32113992
32113987
32113981
32113975
32113969
32113968
32113967
32113956
32113951
32113944
32113942
32113937
32113935
32113934
32113933
32113930
32113924
32113905
32113900
32113896
32113892
32113891
32113889
32113888
32113868
32113854
32113852
32113849
32113843
32113842
32113841
32113839
32113838
32113837
32113829
32113826
32113825
32113824
32113823
32113822
32113818
32113817
32113814
32113804
32113797
32113782
32113752
32113750
32113740
32113729
32113728
32113704
32113702
32113701
32113699
32113698
32113697
32113695
32113689
32113688
32113687
32113685
32113679
32113676
32113667
32113663
32113659
32113658
32113654
32113652
32113648
32113636
32113635
32113628
32113627
32113626
32113584
32113583
32113582
32113575
32113572
32113536
32113527
32113513
32113511
32113508
32113505
32113487
32113486
32113483
32113482
32113480
32113473
32113471
32113470
32113468
32113467
32113309
32113220
32113215
32113207
32113206
32113205
32113197
32113196
32113195
32113187
32113184
32113182
32113174
32113169
32113163
32113160
32113158
32113134
32113127
32113107
32113086
32113080
32113077
32113070
32113050
32113046
32113044
32113042
32113036
32113032
32113027
32113023
32113003
32112995
