32141811
32141771
32141282
32140841
32140833
32140824
32140437
32140376
32140304
32140179
32140166
32140160
32139881
32139880
32139792
32139512
32139093
32138849
32138837
32138779
32138756
32138699
32138375
32138252
32138245
32138156
32138145
32135360
32135240
32135203
32135141
32135062
32134799
32134739
32134620
32134365
32134016
32133714
32132990
32132988
32132986
32132174
32131637
32130974
32130899
32130639
32130598
32130512
32130222
32130218
32130008
32129835
32129711
32129542
32129173
32128628
32128515
32128283
32128282
32128281
32128280
32128279
32128278
32127968
32127794
32127771
32127629
32127544
32127422
32127076
32127034
32126983
32126973
32126731
32126367
32125751
32125494
32125478
32124916
32124522
32124300
32124098
32123984
32123659
32123658
32123544
32123543
32123428
32123350
32123313
32123237
32123065
32122530
32122485
32122349
32122336
32122296
32121667
32121638
32121612
32121509
32121492
32121459
32121447
32121417
32121415
32121314
32121226
32121208
32121196
32121002
32120878
32120462
32120271
32120233
32120232
32120091
32120061
32120042
32120003
32119635
32119634
32119543
32119169
32119085
32118426
32118354
32118163
32118056
32118003
32117946
32117934
32117824
32117808
32117804
32117802
32117678
32117558
32117379
32117376
32117367
32117319
32117264
32117206
32117191
32117188
32117187
32117182
32117181
32117172
32117162
32117161
32117153
32117148
32117143
32117096
32117086
32117076
32116735
32116388
32115958
32115828
32115775
32115755
32115690
32115587
32114711
32114670
32114663
32114439
32114295
32114237
32114035
32113637
32113104
32113065
32112975
32112954
32112843
32112650
32112567
32112467
32112265
32111947
32111946
32111909
32111863
32111691
32111589
32111506
32111201
32111197
32111022
32110985
32110970
32110892
32110865
32110484
32110452
32110162
32109569
32109360
32109277
32108952
32108934
32108451
32108246
32108201
32107486
32107432
32107092
32106811
32106809
32106611
32106587
32106581
32106557
32106450
32106438
32106416
32106294
32106253
32106123
32105956
32105848
32105794
32105768
32105762
32105573
32105572
32105380
32105377
32104741
32104740
32104739
32104738
32104540
32104019
32103508
32103317
32103313
32103072
32103052
32102943
32102584
32102435
32102426
32102324
32102265
32102264
32102178
32101782
32101077
32100641
32100421
32100298
32100219
32100163
32100026
32099925
32099876
32099787
32099741
32099078
32098849
32098836
32098800
32098437
32098306
32098279
32098151
32098075
32097822
32097809
32097745
32097700
32097417
32097043
32096697
32096690
32096689
32096649
32096635
32096312
32096252
32096232
32095881
32095421
32095355
32095098
32094381
32094349
32094132
32094123
32093656
32093424
32093422
32093321
32093195
32093136
32093088
32093002
32092818
32092531
32092520
32092329
32092163
32092131
32092070
32091968
32091887
32091604
32091376
32091374
32091328
32091239
32090848
32090843
32090429
32090023
32089979
32089638
32089576
32089296
32089263
32089236
32088844
32088730
32088707
32088620
32088438
32088417
32088281
32088267
32087692
32087536
32087442
32087364
32087320
32087224
32087082
32086853
32086706
32086617
32086615
32086610
32086309
32086307
32086303
32086302
32085602
32085562
32085510
32085460
32085447
32084624
32084175
32084129
32083848
32083807
32083801
32083553
32083224
32083202
32083193
32083105
32082346
32082332
32082294
32082293
32082290
32082168
32081880
32081659
32080775
32080772
32080243
32079744
32079481
32079354
32079350
32079311
32079042
32079035
32078995
32078984
32078877
32078832
32078661
32078630
32078478
32078193
32078163
32078162
32078050
32078049
32078046
32078018
32077581
32077577
32077325
32077250
32077122
32077051
32076777
32076773
32076622
32076417
32076385
32076384
32076383
32076382
32076084
32076050
32075904
32075727
32075575
32075342
32075318
32075309
32075282
32075257
32075201
32075192
32074950
32074170
32074019
32073888
32073377
32072956
32072907
32072896
32072873
32072745
32072625
32072297
32072265
32072240
32072042
32071895
32071817
32071815
32071765
32071712
32071421
32071331
32071276
32071275
32070898
32070883
32070765
32070747
32070537
32070219
32070003
32069984
32069974
32069904
32069814
32069803
32069763
32069718
32069692
32069461
32069286
32069264
32069137
32068947
32068929
32068855
32068849
32067565
32067529
32067252
32067143
32067064
32066875
32066798
32066453
32066082
32066002
32065938
32065573
32065570
32065565
32065564
32065492
32065316
32065093
32065088
32064907
32064805
32064718
32064317
32063309
32063153
32063145
32062804
32062707
32062364
32062341
32062286
32062196
32062024
32061963
32061934
32061906
32061792
32061750
32061591
32061569
32061337
32060917
32060694
32060645
32060382
32060306
32060179
32060026
32060022
32059747
32059645
32059484
32059461
32059331
32059300
32058990
32058916
32058906
32058711
32058544
32058165
32057783
32057749
32057645
32057282
32057246
32056996
32056488
32056367
32056319
32056004
32055989
32055659
32055538
32055508
32055457
32055207
32054781
32054684
32054538
32054270
32054171
32054157
32054125
32054068
32054010
32053948
32053903
32053741
32053735
32053732
32053725
32053399
32053363
32053327
32053204
32053059
32052978
32052588
32052524
32052451
32052334
32052235
32052210
32052094
32051262
32051057
32050703
32050673
32050410
32050333
32050043
32049856
32049644
32049587
32048417
32048276
32048082
32048034
32048025
32047798
32047743
32047726
32047637
32047490
32047484
32047481
32047294
32047153
32046366
32046339
32046323
32046254
32046248
32046212
32046085
32045976
32045412
32045347
32044976
32044865
32044486
32044463
32044396
32044358
32044031
32043673
32043422
32043234
32043189
32043113
32042684
32042525
32042158
32041976
32041931
32041782
32041671
32041320
32041249
32041100
32041058
32041052
32040901
32040803
32040709
32040665
32040623
32040287
32040264
32040253
32040203
32039703
32039510
32039187
32039062
32039046
32039038
32038746
32038729
32038698
32038681
32038657
32038589
32038584
32038581
32038576
32038568
32038551
32038548
32038542
32038539
32038517
32038047
32037904
32037840
32037451
32037189
32037101
32037036
32036890
32036758
32036536
32036216
32036160
32036138
32035955
32035911
32035729
32035365
32035153
32034954
32034822
32034593
32034398
32034269
32033952
32033396
32033290
32033191
32033190
32033175
32033168
32033042
32032828
32032769
32032318
32031723
32031662
32031475
32031252
32030818
32030686
32030423
32030418
32030331
32030166
32029554
32029191
32028626
32028622
32028595
32028403
32028364
32028247
32027975
32027696
32027568
32027567
32027332
32027079
32026569
32026287
32025895
32025825
32025763
32025616
32025548
32025516
32025512
32025423
32025186
32024993
32024969
32024420
32024202
32024119
32024074
32024047
32024039
32024011
32024003
32023821
32023716
32023714
32023268
32023247
32023150
32022970
32022938
32022862
32022740
32022557
32022481
32022382
32022309
32022307
32022272
32021910
32021654
32021315
32021180
32020854
32020599
32020446
32020397
32020378
32020315
32020279
32020277
32020257
32020195
32019801
32019798
32019794
32019791
32019788
32019709
32019468
32019265
32019164
32019110
32019095
32018346
32018306
32018199
32018178
32018078
32018011
32017844
32017793
32017762
32017671
32017669
32017117
32016865
32016861
32016669
32016405
32016213
32016120
32015950
32015860
32015853
32015427
32015395
32015344
32015121
32015104
32015032
32014782
32014479
32014469
32013988
32013905
32013763
32013709
32013272
32013255
32013165
32013142
32013140
32013123
32013011
32013006
32012990
32012867
32012849
32012787
32012657
32012282
32011876
32011304
32011191
32011087
32010946
32010805
32010783
32010472
32010470
32010469
32010467
32010464
32010462
32010457
32010163
32010101
32010096
32010087
32010078
32010072
32009973
32009770
32009760
32009019
32008965
32008963
32008757
32008756
32008755
32008754
32008753
32008752
32008544
32008365
32007902
32007876
32007856
32007282
32006769
32006681
32006637
32006551
32006197
32006032
32006004
32005939
32005900
32005849
32005738
32005734
32005728
32005661
32005152
32005041
32004836
32004725
32004668
32004643
32004611
32004603
32004552
32003917
32003353
32003043
32002992
32002816
32002680
32002667
32002389
32002059
32001749
32001556
32000840
32000778
32000681
32000518
32000289
32000283
32000282
32000081
32000050
32000048
31999921
31999794
31999724
31999604
31999219
31999214
31998682
31998657
31998436
31998352
31998330
31998329
31998316
31998294
31998279
31998266
31998261
31998257
31998249
31998247
31997773
31997759
31997623
31997567
31997544
31996756
31996500
31996446
31996443
31996441
31996138
31995378
31995345
31994985
31994754
31994670
31994344
31994174
31993951
31993800
31993741
31993704
31993643
31993642
31993429
31993345
31993319
31993231
31993165
31993064
31993040
31993039
31993038
31993037
31993032
31993026
31993025
31992838
31992763
31992756
31992620
31992602
31992527
31992377
31991824
31991807
31991259
31991229
31991096
31990815
31990220
31990208
31990035
31989819
31989438
31989371
31989321
31989319
31989226
31989170
31988806
31988802
31988735
31988622
31988472
31988153
31988099
31988006
31988004
31986556
31986400
31986394
31986202
31986127
31986046
31986045
31986044
31985378
31985370
31985076
31985062
31984914
31984903
31984766
31984741
31984739
31984637
31984618
31983544
31983001
31982952
31982950
31982820
31982713
31982554
31982547
31982502
31981904
31981438
31981410
31981296
31980951
31980938
31980918
31980363
31980039
31979990
31979983
31979290
31979232
31979231
31979181
31979166
31979163
31978949
31978511
31978421
31978415
31978269
31978185
31977865
31977020
31976855
31976537
31976175
31976166
31975743
31975590
31975579
31975559
31975436
31975411
31975174
31975173
31975001
31974757
31974639
31974520
31974462
31974332
31973867
31973860
31973856
31973853
31973852
31973850
31973846
31973845
31973844
31973206
31973184
31972980
31972807
31972464
31972432
31972392
31972312
31972201
31972173
31972072
31972067
31971247
31971016
31970635
31970612
31970495
31970106
31970007
31969895
31969889
31969602
31969481
31969480
31969310
31968574
31968560
31968531
31968426
31968241
31968227
31968137
31967942
31967833
31967638
31967533
31967508
31967505
31967466
31967160
31965767
31965685
31965663
31965295
31965173
31964981
31964711
31964598
31964485
31964459
31964260
31964234
31963878
31963874
31963767
31963764
31963668
31963586
31963531
31963458
31963451
31963410
31963335
31963266
31963231
31963180
31963113
31962263
31962184
31962135
31961958
31961770
31961769
31961768
31961710
31961677
31961674
31961313
31960949
31960895
31960725
31960565
31960479
31960351
31960145
31959816
31959581
31959181
31959099
31959072
31958720
31958681
31958649
31958567
31958555
31958250
31958210
31958139
31958044
31958033
31957936
31957609
31957422
31957403
31957402
31957394
31957386
31956786
31956772
31956240
31956227
31956221
31955826
31955794
31955527
31955308
31955280
31955178
31955099
31955070
31954963
31954740
31954739
31954107
31954094
31953955
31953886
31953385
31953340
31953331
31953128
31952361
31952330
31952328
31952269
31951695
31951694
31951558
31951509
31951508
31950777
31950595
31950462
31950395
31950300
31950228
31950041
31949901
31949503
31948799
31948745
31948697
31948636
31948634
31948620
31948619
31948616
31948613
31948610
31948491
31948391
31948287
31947939
31947876
31947869
31947842
31947723
31947703
31947697
31947682
31947564
31945682
31945326
31945247
31945142
31944905
31944880
31944879
31944688
31944650
31944273
31944123
31943776
31943745
31943686
31943674
31943663
31943421
31943391
31943336
31943225
31943145
31942998
31942944
31942861
31942814
31941904
31941818
31941812
31941636
31941142
31940968
31940908
31940882
31940767
31940732
31940448
31940447
31940445
31940417
31940142
31939939
31939520
31939161
31939018
31938956
31938898
31938872
31938791
31938738
31938671
31938041
31936898
31936890
31936888
31936735
31936606
31936535
31936528
31936509
31936508
31936493
31936458
31936341
31936327
31936180
31936168
31936005
31935944
31935895
31935840
31935798
31935649
31935556
31935403
31935398
31935345
31935344
31935343
31935342
31935152
31934815
31934490
31934219
31933382
31933359
31933085
31932904
31932895
31932894
31932718
31932698
31932331
31931866
31931570
31931510
31931424
31931315
31931286
31931136
31930863
31930800
31930733
31930706
31930515
31930503
31930135
31930116
31930050
31929034
31928888
31928840
31928836
31928774
31928525
31928006
31928001
31927677
31927642
31927507
31927385
31927238
31927014
31927010
31926920
31926858
31926829
31926794
31926784
31926749
31926538
31926472
31926431
31926180
31925688
31925484
31925483
31924871
31924833
31924748
31924499
31923874
31923851
31923682
31923669
31923539
31923469
31923394
31923325
31923270
31923110
31922952
31922927
31922739
31922733
31922547
31922546
31921728
31921433
31921394
31921369
31921365
31921269
31921260
31921233
31921196
31921092
31921082
31921065
31921064
31921053
31921050
31921039
31921036
31921029
31920996
31920955
31920082
31919791
31919586
31919546
31919401
31919192
31919190
31919179
31919177
31919019
31918687
31918147
31918025
31917978
31917975
31917800
31917780
31917301
31916700
31916685
31916553
31916434
31916390
31915988
31915950
31915901
31915834
31915684
31915587
31915570
31915535
31915287
31915214
31915211
31914922
31914481
31914320
31914071
31913566
31913470
31912966
31912615
31912447
31912218
31911594
31911495
31911465
31911317
31911210
31911209
31911173
31910436
31910332
31910185
31910148
31910144
31910130
31910116
31909711
31909230
31909117
31908500
31908457
31908094
31907631
31907501
31907461
31907459
31907295
31906888
31906848
31906844
31906813
31906740
31906600
31906579
31906515
31906500
31906436
31906395
31906332
31906323
31906290
31906282
31906210
31906060
31906049
31906034
31906001
31905762
31905743
31905696
31905425
31904949
31904941
31904835
31904553
31904447
31904434
31904103
31904082
31904030
31903751
31903633
31903514
31903236
31903144
31902997
31902077
31902009
31901638
31901626
31901475
31901242
31901072
31900707
31900692
31900675
31900598
31900591
31900576
31900560
31900551
31900210
31900087
31900082
31900053
31900033
31899979
31899917
31899547
31899317
31899296
31898927
31898704
31898475
31898247
31898011
31897873
31897569
31897521
31897276
31896847
31896790
31896718
31896653
31896575
31895669
31895573
31895011
31894673
31894607
31894416
31894376
31894371
31894174
31894043
31893614
31893333
31893299
31892846
31892747
31892498
31892379
31892378
31892377
31892376
31892374
31892252
31892246
31892173
31892134
31892130
31892111
31891900
31891551
31891550
31891451
31891399
31891261
31890967
31890927
31890800
31890645
31890487
31890178
31890138
31890080
31890054
31890021
31889878
31889872
31889861
31889848
31889486
31889354
31889269
31889110
31888949
31888832
31888755
31888537
31888503
31888486
31888392
31888328
31888271
31888265
31888227
31888204
31888157
31888106
31888103
31888068
31888059
31888050
31887989
31887946
31887941
31887864
31887830
31887768
31887612
31887582
31887580
31887507
31887499
31887488
31887374
31887213
31887194
31887170
31887136
31887131
31887002
31886665
31886558
31886429
31886226
31885978
31885873
31885593
31885466
31885243
31885240
31885228
31885119
31884985
31884294
31884158
31884141
31884054
31883987
31883608
31883486
31883250
31883186
31883065
31882812
31882688
31882671
31882627
31882546
31882449
31882191
31882049
31882044
31881925
31881824
31881729
31881258
31881076
31881059
31880940
31880895
31880894
31880893
31880884
31880876
31880875
31880817
31880295
31880281
31880251
31879935
31879822
31879586
31879570
31879409
31878885
31878883
31878313
31878282
31878244
31878183
31878165
31878148
31878044
31878043
31878031
31877973
31877698
31877488
31876548
31876387
31876331
31876281
31876276
31876273
31876267
31876261
31876248
31876214
31876091
31875611
31875532
31875449
31875267
31875266
31875265
31875106
31874686
31874673
31874626
31874574
31874441
31874327
31874229
31874194
31874039
31873196
31873163
31872867
31872740
31872732
31872730
31872728
31872654
31872653
31872630
31872629
31872586
31872434
31872432
31872390
31872271
31871938
31871671
31871487
31871461
31871407
31871405
31871254
31871098
31871090
31871079
31870969
31870948
31870947
31870919
31870879
31870853
31870852
31870825
31870647
31870615
31870307
31870255
31870246
31870192
31870176
31870144
31870137
31869644
31869631
31869389
31869352
31869332
31868885
31868883
31868642
31868607
31868566
31868281
31868176
31868170
31868041
31868000
31867967
31867783
31867562
31867561
31867491
31867293
31867146
31867115
31866989
31866958
31866957
31866754
31866740
31866465
31866183
31866094
31865533
31865499
31865222
31865150
31864928
31864870
31864801
31864631
31864308
31864118
31864088
31863929
31863863
31863600
31863484
31863278
31863032
31863015
31862957
31862728
31862727
31862720
31862453
31862392
31862374
31862351
31861953
31861950
31861936
31861858
31861833
31861831
31861785
31861653
31861642
31861523
31861334
31861322
31861308
31861302
31861227
31861143
31861107
31861067
31861048
31860971
31860693
31860650
31860431
31860429
31860394
31860189
31859808
31859806
31859778
31859776
31859594
31859588
31858401
31858194
31857912
31857623
31856779
31856722
31856572
31856361
31855825
31855780
31855763
31855502
31855142
31854842
31854686
31854452
31854327
31853647
31852979
31852938
31852931
31852807
31852430
31852403
31852212
31851971
31851879
31851674
31851403
31850835
31850823
31850639
31850396
31850395
31850394
31850393
31850392
31850390
31850323
31850312
31850049
31850004
31849916
31849900
31849898
31849889
31849885
31849878
31849868
31849866
31849858
31849667
31849509
31849245
31849059
31848534
31848418
31848309
31848293
31848283
31848279
31848271
31848066
31847779
31847772
31847595
31847413
31847351
31847287
31847206
31847076
31846877
31846852
31846679
31846602
31846596
31846458
31846377
31845725
31845419
31845300
31845198
31845196
31845163
31845152
31845054
31844947
31844935
31844687
31844594
31844564
31844130
31843493
31843139
31842747
31842732
31842521
31842442
31842361
31842280
31842251
31841928
31841891
31841824
31841670
31841669
31841468
31841378
31841377
31841376
31841356
31841334
31841324
31841255
31841152
31841102
31841101
31841100
31840835
31840787
31840670
31840620
31840600
31840197
31840049
31839778
31839622
31839596
31839260
31839045
31838985
31838746
31838457
31838393
31838381
31837955
31837656
31837577
31837366
31837273
31837102
31836908
31836806
31836578
31836441
31836364
31836254
31836216
31836058
31836056
31836048
31835824
31835704
31835703
31835665
31835614
31835504
31835471
31835449
31835316
31835232
31835063
31835049
31834952
31834634
31834593
31833797
31833769
31833712
31833711
31833562
31833460
31833448
31833397
31833301
31833157
31833006
31832786
31832779
31832763
31832199
31832109
31832051
31832047
31832041
31832040
31831810
31831615
31831604
31831490
31831394
31831110
31830917
31830905
31830896
31830656
31830520
31830457
31830449
31830360
31830116
31830071
31829905
31829795
31829592
31829465
31828964
31828801
31828716
31828682
31828531
31828442
31828324
31828081
31828062
31827952
31827868
31827828
31827811
31827810
31827692
31827569
31827556
31827520
31827379
31827151
31826973
31826485
31826474
31826410
31826397
31826306
31825746
31825695
31825527
31825516
31825431
31825096
31824871
31824870
31824584
31824491
31824471
31824462
31824460
31824445
31824440
31824438
31824178
31823958
31823605
31823373
31823247
31823245
31823133
31823026
31822979
31822938
31822858
31822726
31822585
31822582
31822423
31822264
31822262
31822255
31822063
31633057
31821969
31821884
31821879
31821720
31821113
31821101
31821100
31820865
31820839
31820499
31820493
31820379
31820249
31820239
31820108
31819969
31819965
31819764
31819560
31819555
31819439
31819416
31819142
31819134
31819057
31819049
31819018
31819005
31818952
31818874
31818813
31818573
31818205
31817812
31817760
31817756
31817728
31817604
31817554
31817515
31817514
31817457
31817301
31817269
31817248
31817231
31817176
31817121
31817044
31816976
31816938
31816917
31816858
31816814
31816593
31816399
31816236
31816165
31815930
31815562
31815467
31815465
31815421
31815356
31815342
31814508
31814506
31814500
31814354
31813864
31813818
31813764
31813737
31813670
31813608
31813582
31813413
31813408
31813285
31813078
31812919
31812823
31812752
31812434
31812260
31812098
31811798
31811632
31811603
31811224
31811180
31811175
31811152
31811023
31810981
31810785
31810590
31810567
31810316
31810315
31810296
31810044
31809934
31809830
31809704
31809690
31809578
31809527
31809256
31808212
31808168
31808087
31807895
31807894
31807448
31807212
31807198
31806758
31806745
31806730
31806705
31806701
31806325
31805905
31805893
31805867
31805744
31805742
31805522
31805521
31805461
31805338
31805286
31805183
31804902
31804900
31804899
31804896
31804672
31804594
31804478
31804165
31804154
31804023
31803942
31803398
31803172
31803149
31802615
31802604
31802599
31802443
31802201
31802185
31802169
31802168
31802114
31801877
31801876
31801722
31801308
31801271
31801035
31800704
31800696
31799903
31799902
31799901
31799899
31799843
31799348
31799324
31799263
31799261
31799144
31799141
31799119
31799118
31798942
31798924
31798798
31798594
31798584
31798569
31798567
31798561
31798558
31798556
31798310
31797989
31797930
31797388
31797019
31796996
31796825
31796803
31796791
31796540
31796539
31796217
31795929
31795380
31795369
31795354
31795271
31795252
31795175
31795124
31795101
31794954
31794843
31794817
31794802
31794750
31794703
31794210
31794013
31793753
31792822
31792786
31792660
31792282
31792250
31792242
31792008
31791946
31791839
31791795
31791757
31791593
31791317
31790993
31790908
31790881
31790863
31790791
31790645
31790643
31790642
31790640
31790575
31790385
31790345
31790288
31790274
31790231
31790118
31790115
31789595
31789256
31788989
31788965
31788939
31788934
31788640
31788530
31788435
31788365
31788191
31787995
31787936
31787731
31787658
31787345
31787305
31787298
31787296
31787289
31787277
31787274
31787089
31786675
31786637
31786411
31785858
31785405
31785323
31785178
31785004
31784910
31784423
31784247
31784075
31783517
31783503
31783176
31783049
31782673
31782665
31782317
31782089
31782069
31781873
31781866
31781838
31781818
31781817
31781545
31781469
31781135
31781087
31781076
31781068
31781054
31780436
31780295
31780176
31779900
31779253
31779240
31779201
31779091
31779089
31779084
31778923
31778868
31778732
31778576
31778526
31778280
31778192
31778108
31778071
31777649
31777444
31777412
31777352
31777026
31777025
31777024
31777023
31777022
31777021
31777020
31777019
31777018
31777017
31777016
31777015
31777014
31777013
31776979
31776978
31776909
31776869
31776863
31776792
31776416
31776055
31775716
31775594
31775508
31775375
31775366
31775357
31775306
31774866
31774673
31774576
31774564
31774360
31774225
31773942
31773521
31773398
31773396
31773309
31773282
31773190
31773156
31773153
31772912
31772767
31772307
31772294
31772050
31772013
31771854
31771506
31771469
31771466
31771271
31771208
31771096
31770650
31770649
31770646
31770592
31770202
31769927
31769804
31769802
31769656
31769584
31769549
31769028
31768639
31768616
31768612
31768611
31768404
31768192
31768178
31768013
31767782
31767773
31767318
31767296
31767027
31766868
31766762
31766722
31766670
31766661
31766523
31766311
31766147
31766071
31765875
31765779
31765708
31765702
31765509
31765476
31765407
31765390
31765372
31765287
31765135
31764979
31763752
31763253
31763076
31763011
31762664
31762645
31762631
31762614
31762595
31762592
31762590
31762506
31762504
31762452
31762277
31762083
31762040
31762032
31761896
31761631
31761411
31761375
31761371
31761250
31761189
31760684
31760682
31760680
31760557
31760479
31760478
31760448
31760374
31760248
31760011
31759998
31759949
31759858
31759647
31759175
31759085
31759068
31759067
31759045
31758991
31758963
31758822
31758754
31758620
31758616
31758414
31758396
31758267
31758265
31758233
31758176
31758066
31758010
31757950
31757831
31757830
31757825
31757694
31757532
31756979
31756978
31756976
31756955
31756930
31756889
31756853
31756794
31756651
31756475
31756382
31756377
31756290
31756265
31756256
31756209
31755801
31755612
31755515
31755435
31755197
31755092
31755073
31754891
31754642
31754464
31754437
31754436
31754407
31754161
31754154
31754114
31753371
31752948
31752824
31752715
31752711
31752618
31752470
31752404
31752168
31752060
31751944
31751891
31751775
31751693
31751650
31751556
31751523
31751405
31751201
31750949
31750918
31750814
31750794
31750788
31750629
31750541
31750489
31749815
31749781
31749777
31749767
31749594
31749586
31749499
31749473
31749193
31748909
31748561
31748520
31748163
31747877
31747619
31747541
31747500
31747497
31747447
31747400
31747352
31747130
31746696
31746694
31746293
31746290
31746067
31746033
31745934
31745930
31745923
31745909
31745801
31745783
31745622
31745575
31745151
31744923
31744914
31744546
31744473
31744446
31744409
31744209
31744042
31743823
31743674
31743555
31742850
31742608
31742602
31742513
31742496
31741799
31741729
31741419
31741276
31741271
31741102
31740932
31740876
31740872
31740857
31740856
31740845
31740705
31740606
31740605
31740410
31740233
31739777
31739763
31739735
31739583
31739552
31739263
31739162
31739094
31739057
31739012
31738886
31738769
31738768
31738765
31738699
31738691
31738690
31738551
31738413
31738133
31738087
31737753
31737594
31737310
31737277
31737090
31737020
31736991
31736984
31736925
31736902
31736892
31736884
31736883
31736634
31736619
31736448
31736226
31736111
31736016
31735994
31735746
31735709
31735677
31735444
31735432
31734961
31734926
31734920
31734916
31734903
31734800
31734584
31734058
31734011
31733991
31733951
31733735
31733734
31733733
31733732
31733731
31733730
31733729
31733616
31733598
31733546
31733539
31733474
31733468
31733416
31733408
31733220
31733103
31732939
31732935
31732817
31732815
31732575
31732572
31732038
31732034
31732030
31732020
31731812
31731657
31731596
31731592
31731583
31731462
31731430
31731399
31731237
31731236
31731228
31731166
31731151
31731141
31731125
31731121
31730928
31730908
31730668
31730461
31730415
31730414
31730412
31730411
31730339
31729931
31729927
31729648
31729592
31729407
31729203
31729136
31729089
31729063
31729010
31728989
31728979
31728755
31728740
31728657
31728652
31728200
31727853
31726994
31726858
31726857
31726797
31726746
31726656
31726588
31726559
31726517
31726316
31726150
31726134
31726123
31726060
31726014
31725757
31725344
31725143
31725118
31724706
31724467
31724402
31724218
31724160
31724088
31724087
31724067
31723336
31723187
31723140
31722992
31722976
31722890
31722822
31722662
31722409
31722405
31721917
31721914
31721692
31721656
31721520
31721410
31721263
31721122
31721091
31721071
31720977
31720871
31720838
31720759
31720620
31720547
31720477
31719930
31719815
31719767
31719727
31719585
31719498
31719464
31719175
31718882
31718633
31718553
31718315
31717953
31717922
31717849
31717781
31717780
31717669
31717662
31717661
31717611
31717541
31717405
31716942
31716863
31716722
31716665
31716395
31716079
31716071
31715926
31715902
31715897
31715836
31715302
31715297
31715296
31715206
31715184
31715183
31714697
31713846
31713479
31713459
31713454
31713424
31713199
31713170
31712760
31712752
31712736
31712585
31712534
31712529
31712507
31712280
31712268
31712259
31712107
31711906
31711776
31711768
31711419
31711370
31711357
31711315
31711214
31710925
31710892
31710698
31710696
31710651
31710490
31710266
31710223
31710165
31709470
31708944
31708941
31708927
31708557
31708424
31708343
31707479
31707443
31707442
31707439
31707338
31707299
31707275
31707219
31707175
31707172
31707031
31706700
31706679
31706032
31706014
31705810
31705716
31705713
31705391
31705363
31705288
31705223
31705182
31705158
31704990
31704944
31704686
31704676
31704544
31704368
31704260
31704210
31704015
31703886
31703883
31703874
31703871
31703866
31703864
31703856
31703852
31703673
31703626
31703615
31703352
31702910
31702539
31702515
31702444
31702148
31702121
31702117
31702024
31701649
31701639
31701487
31701477
31701214
31701162
31701148
31700873
31700857
31700845
31700803
31700587
31700541
31700526
31700111
31700086
31700035
31699995
31699975
31699755
31699664
31699554
31699323
31699195
31699182
31699155
31699148
31699144
31699116
31699093
31699086
31699043
31699028
31698823
31698804
31698736
31698729
31698721
31698708
31698288
31698283
31698282
31698224
31698222
31698061
31697784
31697708
31697490
31697461
31697231
31697224
31697222
31697221
31696957
31696600
31696525
31696426
31696248
31696113
31696111
31696035
31696029
31696022
31695873
31695689
31695688
31695685
31695421
31695372
31695105
31695087
31695035
31694899
31694544
31694453
31694427
31694426
31694341
31694325
31694277
31694218
31694151
31693912
31693831
31693704
31693673
31693655
31693471
31693347
31693105
31692847
31692764
31692736
31692732
31692701
31692051
31691838
31691790
31691663
31691582
31691563
31691493
31691173
31690886
31690679
31690676
31690653
31690635
31690386
31690361
31690355
31690339
31690329
31690080
31690075
31690040
31689978
31689928
31689800
31689668
31689647
31689623
31689592
31689474
31689405
31689303
31688884
31687915
31687578
31687509
31687429
31687317
31687044
31686873
31686804
31686803
31686531
31686508
31686390
31686336
31686196
31686026
31685990
31685928
31685836
31685547
31685371
31685370
31685339
31685194
31684928
31684871
31684182
31684065
31684030
31683906
31683743
31683719
31683705
31683674
31683661
31683617
31683523
31683453
31683434
31683424
31683407
31683269
31683228
31683109
31683087
31683001
31682431
31682331
31682054
31681870
31681847
31681635
31681524
31681355
31681341
31681274
31681243
31681229
31681219
31681213
31681203
31681200
31681199
31681196
31681189
31681182
31680956
31680702
31680652
31680403
31680258
31680218
31679993
31679929
31679880
31679790
31679306
31679305
31679304
31679303
31679302
31679301
31679300
31679299
31679298
31679286
31679285
31679232
31679231
31679230
31679229
31679228
31679227
31679226
31679225
31678803
31678582
31678511
31678367
31678053
31678008
31677646
31677518
31677357
31677288
31677281
31677172
31677163
31677144
31677143
31677142
31677141
31677140
31677139
31677138
31677008
31676475
31676471
31676454
31676448
31676355
31676231
31676121
31676097
31675969
31675569
31675439
31675145
31675110
31674853
31674838
31674836
31674790
31674700
31674183
31674170
31673845
31673816
31673786
31673768
31673744
31673581
31673396
31672987
31672969
31672741
31672609
31672467
31672361
31672346
31672155
31672122
31672082
31671910
31671828
31671808
31671795
31671681
31671660
31671578
31671546
31671129
31671100
31671098
31671091
31670962
31670647
31670621
31670239
31670166
31670113
31669989
31669962
31669927
31669874
31669764
31669568
31669472
31669370
31669309
31669137
31668622
31668463
31668073
31668043
31667953
31667948
31667925
31667839
31667800
31667628
31667538
31667523
31667416
31667367
31667253
31667223
31667059
31667051
31667017
31666784
31666673
31666660
31666659
31666527
31666517
31666494
31666315
31666044
31665888
31665870
31665859
31665745
31665398
31665031
31665025
31664917
31664901
31664549
31664519
31664055
31663825
31663480
31663383
31663059
31662984
31662859
31662760
31662730
31662663
31662621
31662619
31662458
31662261
31662074
31661372
31661270
31660943
31660870
31660859
31660800
31660799
31660628
31660357
31660143
31660133
31659905
31659900
31659870
31659843
31659712
31659691
31659677
31659576
31659421
31659418
31659402
31659120
31659074
31659035
31658789
31658687
31658248
31657998
31657997
31657996
31657902
31657673
31657623
31657618
31657554
31657369
31657052
31656892
31656835
31656727
31656698
31656526
31656500
31656442
31656090
31656023
31655952
31655918
31655872
31655861
31655829
31655737
31655589
31655483
31655399
31655345
31655335
31655088
31654977
31654910
31654867
31654855
31654841
31654831
31654675
31654549
31654513
31654512
31654511
31654510
31654304
31654136
31654107
31654106
31653926
31653915
31653546
31653182
31653116
31653089
31653083
31653047
31652999
31652901
31652878
31652877
31652874
31652848
31652825
31652809
31652805
31652800
31652662
31652608
31652571
31652542
31652438
31652272
31652255
31652089
31652088
31652054
31652052
31652038
31651949
31651065
31650983
31650958
31650813
31650682
31650676
31650666
31650655
31650649
31650621
31650476
31650020
31649917
31649657
31649656
31649638
31649634
31649632
31649629
31649362
31649282
31649262
31649258
31649256
31649246
31649174
31649117
31649059
31648806
31648369
31648290
31648129
31648128
31648060
31647933
31647845
31647840
31647694
31647693
31647539
31647188
31647018
31646639
31646638
31646636
31646447
31646352
31646022
31645951
31645825
31645720
31645088
31644895
31644792
31644705
31644655
31644640
31644636
31644624
31644597
31644391
31644390
31644378
31643005
31643003
31642855
31642736
31642714
31642712
31642537
31642516
31642485
31642483
31642168
31642133
31642125
31642093
31641945
31641526
31641480
31641473
31641458
31641344
31641121
31641114
31641023
31640842
31640775
31640665
31640564
31640544
31640543
31640211
31640207
31640138
31640118
31639722
31639720
31639627
31639625
31639624
31639538
31639431
31639008
31638895
31638864
31638863
31638716
31638486
31638432
31638207
31637835
31637760
31637724
31637600
31637573
31637495
31636880
31636729
31636728
31636718
31636649
31636645
31636612
31636426
31636425
31636399
31636398
31636396
31636365
31636220
31636083
31636024
31635929
31635733
31635731
31635365
31635252
31635246
31635192
31635138
31635123
31634657
31634563
31634426
31634053
31634040
31634039
31634033
31633749
31632832
31632831
31632830
31632829
31632649
31632384
31632375
31632371
31632366
31632362
31632360
31632357
31632219
31632218
31632215
31632123
31632046
31632023
31632012
31632007
31631807
31631805
31631803
31631770
31631659
31631612
31631600
31631585
31631505
31631496
31631235
31631052
31630948
31630943
31630449
31630353
31630240
31630238
31630069
31630049
31630045
31630000
31629912
31629870
31629810
31629522
31629281
31629192
31629082
31629052
31628546
31628532
31628521
31628520
31628441
31628153
31627860
31627859
31627857
31627856
31627855
31627854
31627730
31627254
31627093
31627065
31627061
31626987
31626917
31626911
31626703
31626665
31626626
31625738
31625481
31625446
31625117
31624581
31624561
31624558
31624500
31624410
31624337
31624336
31624150
31624083
31623795
31623772
31623644
31623573
31623437
31623349
31623348
31623335
31623331
31623322
31623309
31623207
31623187
31623176
31622879
31622851
31622597
31622518
31622393
31622368
31622333
31622188
31622174
31621647
31621584
31621333
31621248
31621227
31621176
31621153
31621010
31620769
31620346
31620158
31620156
31620150
31620100
31619938
31619795
31619728
31619686
31619662
31619618
31619528
31619519
31619504
31619396
31619199
31619024
31618856
31618578
31618561
31618376
31618269
31617947
31617784
31617717
31617602
31617434
31617282
31617105
31617055
31617040
31617006
31616664
31616604
31616390
31616388
31616385
31616234
31616207
31616076
31616066
31616016
31615965
31615964
31615963
31615957
31615683
31615681
31615679
31615675
31615673
31615671
31615668
31615662
31615659
31615527
31615519
31615504
31615438
31615425
31615406
31615401
31615093
31614997
31614993
31614984
31614885
31614851
31614814
31614788
31614772
31614738
31614720
31614698
31614610
31614563
31614527
31614505
31614489
31614458
31614261
31614039
31613873
31613368
31613347
31613193
31613190
31613031
31613018
31613012
31613011
31612798
31612637
31612620
31612503
31612325
31612268
31612242
31612133
31611899
31611898
31611892
31611856
31611849
31611816
31611652
31611474
31611455
31611414
31611298
31611280
31611114
31611058
31611057
31610487
31610420
31610378
31610331
31610326
31610212
31610133
31609971
31609681
31609451
31609418
31609413
31609198
31609022
31608896
31608890
31608889
31608870
31608812
31608683
31608584
31608569
31608565
31608522
31608429
31608075
31608044
31608041
31608035
31608026
31608023
31607610
31607535
31607330
31606850
31606717
31606633
31606627
31606567
31606552
31606515
31606466
31606358
31605995
31605948
31605913
31605904
31605748
31605638
31605614
31605465
31605156
31604945
31604798
31604773
31604769
31604765
31604764
31604314
31604178
31603981
31603945
31603923
31603851
31603622
31603609
31603508
31603384
31603277
31603264
31603213
31603209
31603181
31603000
31602944
31602932
31602930
31602874
31602856
31602821
31602667
31602598
31602502
31601980
31601676
31601654
31601312
31601259
31601223
31601211
31601209
31601204
31601154
31601086
31601062
31601001
31600909
31600863
31600853
31600710
31600654
31600651
31600629
31600522
31600499
31600338
31600302
31600251
31600193
31600141
31600112
31599920
31599694
31599670
31599583
31599486
31599369
31599261
31599093
31599091
31599055
31599024
31598980
31598844
31598761
31598721
31598666
31598517
31598516
31598241
31598179
31598176
31598075
31598014
31597961
31597720
31597687
31597570
31597500
31597352
31597306
31597285
31597275
31597238
31597236
31597215
31597205
31597038
31596982
31596956
31596885
31596749
31596693
31596689
31596688
31596575
31596500
31596391
31596197
31596181
31596057
31596001
31595746
31595725
31595456
31595344
31595170
31595018
31594939
31594815
31594501
31594411
31593897
31593764
31593527
31593526
31593237
31593144
31593129
31592755
31592644
31592222
31592112
31592031
31591687
31591629
31591554
31591542
31591416
31591414
31591335
31591307
31590609
31590466
31590435
31590398
31590385
31590281
31590214
31589823
31589712
31589639
31589617
31589596
31589316
31589125
31589121
31588997
31588965
31588788
31588522
31588397
31588393
31587988
31587903
31587649
31587519
31587491
31586955
31586859
31586763
31586690
31586461
31586311
31586286
31586214
31586213
31586171
31586145
31586120
31586119
31586116
31586057
31586051
31585998
31585693
31585535
31585481
31585459
31585340
31585127
31584938
31584935
31584934
31584646
31584338
31584275
31584108
31583808
31583629
31583019
31583018
31582854
31582849
31582320
31582086
31582080
31582056
31581943
31581750
31581697
31581691
31581639
31581605
31581540
31581434
31581262
31581259
31581067
31580985
31580730
31580561
31580482
31580429
31580152
31580146
31580006
31579922
31579897
31579640
31579614
31579583
31579565
31579116
31578714
31578712
31578689
31578669
31578605
31578522
31578520
31578453
31578362
31578250
31578099
31577438
31577212
31577163
31577162
31576445
31576429
31576428
31576242
31576029
31575971
31575889
31575839
31575836
31575835
31575832
31575774
31575770
31575765
31575049
31575010
31575004
31574934
31574438
31574371
31574191
31574146
31573805
31573563
31573466
31573433
31573432
31573431
31572838
31572738
31572689
31572655
31572645
31572587
31572496
31572394
31572319
31572018
31571568
31571041
31570981
31570888
31570514
31570398
31569914
31569805
31569777
31569747
31569709
31569685
31569657
31569655
31569635
31569631
31569621
31569593
31569578
31569563
31569547
31569472
31569458
31569414
31569357
31569356
31569331
31569277
31568958
31568885
31568523
31568516
31568502
31568488
31568018
31567890
31567735
31566982
31566976
31566868
31566594
31566482
31566196
31566090
31565783
31565581
31565550
31565469
31565468
31565319
31565164
31565147
31565026
31564504
31564381
31564305
31564133
31564121
31564105
31564075
31563960
31563947
31563773
31563741
31563740
31563718
31563696
31563584
31563320
31563154
31563093
31562919
31562827
31562754
31562617
31562247
31562170
31561914
31561688
31561602
31561596
31561557
31561527
31561511
31561495
31561410
31561316
31561198
31561154
31561145
31561121
31561060
31560822
31560654
31560617
31560606
31560603
31560599
31560529
31560525
31560390
31560378
31560240
31560232
31559932
31559895
31559750
31559682
31559664
31559658
31559517
31559435
31559255
31559254
31559063
31559019
31558823
31558727
31558720
31558121
31557947
31557881
31557669
31557642
31557363
31557276
31557199
31557023
31556866
31556345
31556343
31556322
31556203
31556180
31556179
31556177
31555992
31555911
31555854
31555775
31555244
31554880
31554810
31554760
31554728
31554725
31554391
31554331
31554205
31554164
31554155
31554148
31554144
31554136
31554126
31554102
31554069
31553892
31553862
31553484
31553475
31553366
31553302
31553057
31553036
31552827
31552478
31552235
31552072
31552069
31552011
31552008
31552005
31551996
31551992
31551981
31551975
31551962
31551960
31551957
31551952
31551941
31551938
31551907
31551622
31551619
31551616
31551615
31551614
31551612
31551331
31551207
31551084
31551054
31551015
31550659
31550588
31550526
31550469
31550259
31550242
31549957
31549952
31549665
31549660
31549643
31549427
31549247
31549233
31549229
31549205
31549137
31549123
31548720
31548643
31548559
31548557
31548391
31548313
31548265
31548211
31548210
31547812
31547507
31547354
31547348
31547323
31547221
31547196
31547186
31547160
31546986
31546968
31546949
31546903
31546834
31546827
31546774
31546755
31546686
31546661
31546626
31546616
31546600
31546488
31546487
31546460
31546439
31546416
31546396
31546294
31546184
31546159
31546076
31545972
31545952
31545885
31545842
31545778
31545700
31545699
31545698
31545545
31545334
31545216
31545107
31544826
31544783
31544777
31544588
31544463
31544408
31544365
31544331
31544193
31543916
31543885
31543870
31543768
31543670
31543381
31543078
31542822
31542811
31542716
31542666
31542610
31542577
31542424
31542297
31542296
31542194
31542193
31542191
31542050
31541990
31541938
31541871
31541847
31541672
31541640
31541488
31541399
31541261
31541102
31540987
31540984
31540981
31540949
31540403
31540362
31540347
31540346
31540285
31540052
31540008
31540001
31539977
31539933
31539762
31539746
31539730
31539511
31539379
31539321
31539240
31538955
31538631
31538565
31538448
31538413
31538279
31538184
31538040
31537971
31537958
31537850
31537797
31537789
31537788
31537670
31537628
31537103
31536923
31536913
31536874
31536607
31536576
31536533
31536509
31536488
31536448
31535961
31535958
31535946
31535620
31535618
31535222
31535126
31535021
31534864
31534856
31534479
31534414
31534413
31534351
31534180
31534146
31534134
31534072
31534068
31533815
31533688
31533625
31533333
31533250
31533197
31533060
31532761
31532666
31532663
31532654
31532351
31532348
31532201
31531782
31531755
31531745
31531068
31530978
31530977
31530976
31530868
31530835
31530465
31530279
31530278
31530137
31530034
31529945
31529895
31529881
31529873
31529830
31529789
31529527
31529514
31529398
31529298
31529212
31529025
31528643
31528205
31528034
31527866
31527844
31527802
31527797
31527674
31527672
31527614
31527606
31527453
31527429
31527427
31527350
31527347
31527344
31527343
31527329
31527130
31527077
31526615
31526456
31526342
31526004
31525900
31525876
31525590
31525584
31525401
31525294
31525194
31525190
31524602
31524595
31524496
31524373
31524096
31524095
31524084
31523827
31523652
31523641
31523164
31523162
31523159
31523107
31522678
31522522
31522454
31522304
31522137
31522113
31522004
31521987
31521946
31521945
31521934
31521635
31521458
31521290
31521274
31521219
31521215
31521211
31521162
31521133
31521132
31521034
31521033
31520769
31520749
31520716
31520656
31520386
31520132
31520085
31519521
31519259
31519258
31519257
31519245
31519210
31519147
31519064
31518917
31518823
31518785
31518652
31518630
31518455
31518427
31518229
31518223
31518088
31518066
31518062
31517996
31517860
31517594
31517564
31517482
31517423
31517384
31517355
31517329
31516319
31516176
31516142
31516136
31516133
31516132
31515940
31515931
31515872
31515726
31515637
31515623
31515597
31515475
31515216
31515187
31514481
31514462
31514396
31514386
31514383
31514370
31514336
31514333
31514244
31514146
31514122
31514118
31514064
31514008
31513947
31513905
31513894
31513677
31513573
31513572
31513387
31513285
31513263
31513139
31512873
31512812
31512767
31512547
31512522
31512519
31512518
31512371
31512276
31512263
31512249
31512241
31512095
31511932
31511733
31511626
31511504
31511470
31511371
31511298
31511029
31510929
31510924
31510031
31509930
31509792
31509783
31509623
31509543
31509496
31509495
31509494
31509493
31509401
31509370
31508956
31508838
31508806
31508792
31508522
31508511
31508149
31508148
31508147
31507625
31507559
31507556
31507552
31507539
31507423
31507231
31507198
31506883
31506777
31506776
31506745
31506532
31506438
31506307
31506263
31506244
31506101
31506091
31505796
31505790
31505746
31505744
31505412
31505351
31505347
31505131
31505067
31504766
31504764
31504755
31504747
31504720
31504617
31504475
31504467
31504453
31504180
31504066
31504055
31504038
31503476
31503386
31503375
31502910
31502841
31502751
31502665
31502569
31502521
31502519
31502507
31502497
31502484
31502093
31502092
