32142229
32142224
32142223
32142212
32142211
32142191
32142181
32142156
32142150
32142148
32142142
32142141
32142134
32142125
32142123
32142120
32142116
32142100
32142098
32142097
32142096
32141988
32141941
32141890
32141817
32141813
32141811
32141810
32141808
32141807
32141797
32141793
32141789
32141786
32141776
32141763
32141762
32141752
32141715
32141711
32141705
32141701
32141700
32141694
32141659
32141654
32141622
32141610
32141606
32141584
32141583
32141582
32141579
32141576
32141575
32141572
32141571
32141563
32141561
32141560
32141559
32141555
32141552
32141548
32141547
32141546
32141543
32141540
32141535
32141534
32141530
32141526
32141512
32141510
32141509
32141504
32141474
32141473
32141472
32141467
32141453
32141452
32141447
32141441
32141429
32141427
32141418
32141417
32141410
32141394
32141386
32141384
32141383
32141366
32141364
32141360
32141353
32141340
32141255
32141244
32141232
32141230
32141220
32141196
32141190
32141180
32141178
32141174
32141150
32141148
32141144
32141137
32141124
32141111
32141101
32141088
32141087
32141036
32141020
32141019
32141013
32141009
32141006
32140978
32140960
32140959
32140958
32140928
32140926
32140910
32140907
32140888
32140885
32140884
32140858
32140846
32140837
32140836
32140835
32140833
32140819
32140794
32140785
32140778
32140767
32140760
32140744
32140734
32140729
32140727
32140724
32140723
32140708
32140662
32140659
32140648
32140638
32140637
32140633
32140609
32140600
32140575
32140572
32140564
32140533
32140530
32140520
32140513
32140506
32140503
32140501
32140464
32140463
32140461
32140450
32140444
32140415
32140407
32140393
32140391
32140379
32140378
32140377
32140376
32140356
32140340
32140313
32140304
32140303
32140302
32140299
32140298
32140296
32140288
32140273
32140265
32140258
32140238
32140237
32140235
32140233
32140232
32140231
32140230
32140226
32140187
32140179
32140178
32140172
32140171
32140168
32140165
32140163
32140158
32140151
32140148
32140145
32140141
32140139
32140111
32140075
32140069
32140068
32140065
32140062
32140061
32140038
32140036
32139917
32139907
32139906
32139903
32139893
32139891
32139889
32139880
32139879
32139876
32139868
32139810
32139809
32139808
32139798
32139796
32139795
32139792
32139788
32139785
32139778
32139777
32139776
32139775
32139772
32139768
32139767
32139762
32139746
32139745
32139744
32139741
32139731
32139730
32139718
32139710
32139709
32139708
32139705
32139696
32139686
32139676
32139672
32139671
32139667
32139664
32139662
32139661
32139608
32139607
32139605
32139597
32139596
32139581
32139579
32139576
32139565
32139558
32139557
32139547
32139534
32139519
32139511
32139506
32139505
32139476
32139475
32139473
32139471
32139465
32139434
32139423
32139422
32139421
32139402
32139393
32139355
32139353
32139349
32139332
32139259
32139219
32139218
32139200
32139178
32139166
32139151
32139149
32139146
32139123
32139120
32139119
32139118
32139115
32139114
32139107
32139018
32139014
32139002
32139001
32138999
32138996
32138988
32138986
32138946
32138945
32138904
32138900
32138847
32138807
32138801
32138788
32138785
32138783
32138778
32138770
32138766
32138755
32138752
32138729
32138699
32138690
32138671
32138670
32138668
32138667
32138666
32138665
32138663
32138658
32138656
32138655
32138654
32138652
32138651
32138648
32138647
32138646
32138644
32138643
32138639
32138627
32138595
32138593
32138587
32138578
32138576
32138573
32138562
32138546
32138545
32138539
32138511
32138505
32138471
32138469
32138466
32138386
32138382
32138372
32138369
32138355
32138354
32138348
32138343
32138326
32138325
32138314
32138313
32138311
32138292
32138290
32138288
32138281
32138279
32138278
32138242
32138237
32138235
32138230
32138228
32138218
32138214
32138197
32138195
32138192
32138181
32138178
32138165
32138146
32135645
32135642
32135639
32135624
32135600
32135598
32135597
32135595
32135594
32135565
32135540
32135515
32135507
32135505
32135477
32135469
32135442
32135432
32135428
32135399
32135388
32135383
32135365
32135355
32135345
32135344
32135343
32135341
32135340
32135322
32135311
32135307
32135299
32135296
32135291
32135277
32135253
32135242
32135236
32135233
32135224
32135223
32135220
32135203
32135185
32135177
32135175
32135169
32135168
32135160
32135158
32135145
32135139
32135124
32135122
32135117
32135093
32135086
32135085
32135063
32135062
32135061
32135030
32135011
32135010
32135009
32135007
32134990
32134988
32134974
32134970
32134967
32134962
32134946
32134943
32134941
32134938
32134928
32134927
32134916
32134915
32134893
32134853
32134839
32134798
32134755
32134727
32134722
32134721
32134712
32134682
32134657
32134653
32134573
32134563
32134561
32134554
32134545
32134535
32134529
32134494
32134487
32134470
32134461
32134458
32134425
32134379
32134377
32134376
32134373
32134372
32134370
32134349
32134329
32134327
32134294
32134253
32134204
32134193
32134190
32134168
32134161
32134151
32134150
32134139
32134136
32134119
32134114
32134020
32134019
32134015
32134010
32134000
32133973
32133972
32133960
32133932
32133913
32133888
32133882
32133879
32133852
32133801
32133800
32133799
32133796
32133779
32133777
32133757
32133753
32133745
32133742
32133714
32133712
32133710
32133692
32133683
32133675
32133670
32133669
32133647
32133644
32133636
32133635
32133631
32133617
32133604
32133603
32133580
32133541
32133534
32133533
32133526
32133501
32133500
32133496
32133495
32133483
32133447
32133438
32133432
32133419
32133383
32133382
32133381
32133368
32133348
32133338
32133331
32133303
32133301
32133291
32133274
32133212
32133148
32133074
32133069
32133066
32133065
32133061
32133060
32133055
32133054
32133047
32133046
32133030
32133029
32133027
32133026
32133025
32133024
32133019
32133018
32133017
32133008
32133007
32133003
32132990
32132989
32132988
32132986
32132982
32132981
32132980
32132962
32132961
32132943
32132934
32132932
32132929
32132899
32132889
32132887
32132870
32132867
32132866
32132863
32132858
32132857
32132853
32132850
32132825
32132739
32132734
32132706
32132681
32132664
32132663
32132656
32132651
32132650
32132649
32132613
32132601
32132574
32132572
32132550
32132548
32132546
32132543
32132541
32132540
32132537
32132536
32132530
32132525
32132523
32132452
32132399
32132393
32132325
32132320
32132305
32132299
32132293
32132275
32132268
32132243
32132242
32132239
32132238
32132236
32132234
32132230
32132225
32132218
32132210
32132203
32132202
32132200
32132196
32132193
32132187
32132181
32132169
32132162
32132161
32132160
32132159
32132156
32132154
32132147
32132132
32132131
32132121
32132115
32132109
32132098
32132091
32132054
32132042
32132039
32132034
32132033
32132030
32132029
32132026
32132025
32132021
32132020
32131959
32131957
32131948
32131947
32131938
32131935
32131933
32131927
32131899
32131884
32131874
32131873
32131869
32131853
32131835
32131833
32131829
32131821
32131813
32131765
32131762
32131761
32131754
32131749
32131741
32131739
32131737
32131734
32131733
32131732
32131731
32131729
32131728
32131727
32131722
32131721
32131720
32131717
32131715
32131696
32131676
32131653
32131603
32131590
32131547
32131541
32131534
32131529
32131507
32131496
32131495
32131492
32131485
32131477
32131458
32131456
32131436
32131426
32131413
32131410
32131398
32131397
32131389
32131385
32131359
32131357
32131322
32131152
31824672
32131144
32131130
32131129
32131114
32130981
32130980
32130978
32130975
32130952
32130941
32130932
32130918
32130912
32130910
32130908
32130906
32130901
32130899
32130897
32130896
32130895
32130892
32130891
32130880
32130854
32130794
32130788
32130786
32130760
32130752
32130732
32130729
32130724
32130723
32130703
32130702
32130701
32130691
32130660
32130658
32130657
32130644
32130643
32130618
32130616
32130612
32130605
32130584
32130580
32130564
32130544
32130536
32130520
32130487
32130486
32130473
32130470
32130468
32130440
32130408
32130407
32130370
32130365
32130357
32130294
32130292
32130290
32130286
32130260
32130259
32130257
32130234
32130233
32130230
32130224
32130223
32130206
32130205
32130204
32130108
32130107
32130073
32130059
32130032
32130027
32130024
32130021
32130019
32129988
32129986
32129976
32129974
32129972
32129937
32129927
32129921
32129912
32129908
32129905
32129900
32129897
32129896
32129890
32129886
32129880
32129854
32129849
32129843
32129841
32129839
32129838
32129836
32129831
32129827
32129763
32129760
32129759
32129753
32129750
32129749
32129737
32129736
32129735
32129734
32129709
32129701
32129700
32129689
32129682
32129675
32129674
32129629
32129622
32129578
32129570
32129566
32129551
32129542
32129537
32129536
32129527
32129525
32129514
32129498
32129495
32129468
32129467
32129458
32129449
32129446
32129444
32129363
32129349
32129321
32129306
32129282
32129275
32129251
32129250
32129227
32129221
32129207
32129188
32129174
32129173
32129151
32129128
32129115
32129110
32129093
32129069
32129035
32129003
32128990
32128977
32128973
32128952
32128950
32128948
32128942
32128935
32128908
32128906
32128893
32128876
32128872
32128847
32128812
32128753
32128752
32128749
32128747
32128746
32128745
32128743
32128742
32128741
32128740
32128739
32128710
32128695
32128678
32128663
32128660
32128641
32128627
32128617
32128611
32128594
32128591
32128585
32128578
32128565
32128558
32128557
32128507
32128499
32128474
32128473
32128472
32128471
32128468
32128453
32128419
32128416
32128412
32128409
32128405
32128391
32128389
32128363
32128345
32128279
32128266
32128261
32128252
32128229
32128213
32128192
32128174
32128162
32128157
32128153
32128144
32128138
32128132
32128124
32128123
32128119
32128115
32128112
32128095
32128092
32128090
32128089
32128072
32128068
32128066
32127961
32127956
32127953
32127951
32127949
32127946
32127945
32127942
32127941
32127937
32127935
32127934
32127930
32127923
32127921
32127920
32127918
32127902
32127856
32127820
32127816
32127798
32127797
32127796
32127795
32127794
32127793
32127787
32127786
32127769
32127764
32127761
32127759
32127753
32127733
32127730
32127688
32127652
32127645
32127641
32127638
32127637
32127635
32127627
32127624
32127623
32127618
32127616
32127615
32127614
32127608
32127605
32127603
32127592
32127576
32127575
32127574
32127571
32127567
32127560
32127552
32127550
32127546
32127541
32127540
32127526
32127525
32127521
32127495
32127478
32127472
32127468
32127464
32127462
32127458
32127457
32127456
32127455
32127452
32127451
32127449
32127448
32127447
32127445
32127421
32127416
32127410
32127409
32127406
32127400
32127397
32127396
32127390
32127384
32127377
32127372
32127357
32127356
32127355
32127348
32127312
32127290
32127288
32127237
32127225
32127191
32127176
32127169
32127165
32127161
32127160
32127159
32127157
32127155
32127154
32127141
32127056
32127055
32127043
32127038
32127035
32127034
32127026
32127023
32127022
32127020
32127018
32127014
32127012
32127009
32126996
32126984
32126983
32126979
32126975
32126968
32126953
32126878
32126856
32126843
32126838
32126815
32126792
32126784
32126783
32126739
32126603
32126589
32126588
32126585
32126570
32126566
32126562
32126552
32126547
32126536
32126522
32126511
32126510
32126499
32126497
32126494
32126468
32126466
32126463
32126452
32126434
32126430
32126393
32126384
32126343
32126327
32126314
32126295
32126289
32126287
32126275
32126273
32126270
32126269
32126264
32126252
32126245
32126244
32126238
32126237
32126216
32126210
32126204
32126188
32126162
32126161
32126159
32126153
32126152
32126145
32126144
32126143
32126136
32126126
32126091
32126080
32126078
32126067
32126023
32126021
32125996
32125992
32125987
32125981
32125979
32125976
32125973
32125938
32125936
32125933
32125907
32125904
32125896
32125895
32125889
32125888
32125882
32125867
32125837
32125829
32125825
32125790
32125788
32125779
32125756
32125743
32125725
32125723
32125704
32125696
32125691
32125689
32125662
32125660
32125652
32125626
32125604
32125596
32125586
32125580
32125578
32125563
32125559
32125558
32125553
32125531
32125527
32125518
32125507
32125482
32125481
32125478
32125451
32125445
32125435
32125433
32125392
32125387
32125379
32125373
32125369
32125365
32125337
32125286
32125282
32125278
32125267
32125264
32125262
32125261
32125224
32125181
32125165
32125107
32125089
32125084
32125059
32125056
32125046
32125037
32125007
32124993
32124970
32124969
32124967
32124961
32124954
32124950
32124947
32124943
32124941
32124940
32124935
32124930
32124929
32124927
32124926
32124922
32124920
32124918
32124917
32124832
32124813
32124804
32124801
32124799
32124724
32124713
32124711
32124694
32124692
32124661
32124651
32124637
32124559
32124548
32124532
32124521
32124492
32124485
32124471
32124461
32124454
32124427
32124426
32124397
32124389
32124388
32124386
32124327
32124326
32124325
32124324
32124322
32124316
32124314
32124313
32124274
32124252
32124248
32124236
32124226
32124225
32124205
32124191
32124190
32124188
32124182
32124180
32124178
32124177
32124174
32124171
32124170
32124168
32124159
32124153
32124148
32124135
32124130
32124106
32124101
32124040
32124034
32124033
32124023
32124013
32124009
32123996
32123995
32123983
32123982
32123965
32123962
32123961
32123958
32123957
32123938
32123936
32123907
32123905
32123904
32123899
32123853
32123850
32123847
32123843
32123840
32123834
32123833
32123831
32123820
32123819
32123815
32123769
32123756
32123737
32123735
32123723
32123722
32123717
32123709
32123704
32123700
32123662
32123646
32123645
32123643
32123585
32123566
32123549
32123544
32123543
32123521
32123520
32123516
32123498
32123494
32123492
32123491
32123442
32123441
32123364
32123346
32123326
32123325
32123324
32123323
32123318
32123313
32123312
32123306
32123305
32123303
32123287
32123284
32123275
32123273
32123261
32123257
32123243
32123240
32123222
32123201
32123200
32123192
32123183
32123177
32123175
32123165
32123164
32123161
32123160
32123116
32123111
32123105
32123087
32123086
32123083
32123081
32123074
32123069
32123065
32123064
32123048
32123041
32123040
32123038
32123036
32123035
32123034
32123031
32123009
32123008
32122993
32122991
32122990
32122989
32122968
32122967
32122961
32122960
32122959
32122956
32122952
32122943
32122940
32122936
32122935
32122925
32122920
32122911
32122903
32122894
32122889
32122888
32122865
32122860
32122826
32122820
32122792
32122773
32122686
32122684
32122654
32122651
32122616
32122615
32122607
32122606
32122605
32122604
32122603
32122600
32122596
32122595
32122594
32122593
32122589
32122588
32122583
32122549
32122546
32122545
32122544
32122532
32122531
32122528
32122496
32122464
32122458
32122457
32122456
32122439
32122428
32122398
32122395
32122386
32122382
32122379
32122376
32122372
32122354
32122352
32122349
32122335
32122327
32122325
32122321
32122318
32122306
32122304
32122303
32122302
32122301
32122300
32122298
32122297
32122295
32122294
32122281
32122280
32122262
32122258
32122255
32122169
32122144
32122142
32122104
32121772
32121666
32121643
32121641
32121620
32121616
32121613
32121591
32121588
32121580
32121568
32121567
32121565
32121564
32121558
32121557
32121554
32121545
32121544
32121542
32121535
32121527
32121524
32121523
32121522
32121518
32121517
32121505
32121503
32121499
32121492
32121488
32121487
32121467
32121459
32121447
32121431
32121430
32121417
32121406
32121400
32121383
32121365
32121349
32121341
32121340
32121334
32121333
32121324
32121321
32121308
32121305
32121304
32121297
32121295
32121292
32121289
32121287
32121275
32121273
32121268
32121266
32121253
32121249
32121226
32121219
32121207
32121205
32121184
32121166
32121160
32121156
32121150
32121148
32121146
32121142
32121123
32121117
32121115
32121109
32121108
32121079
32121069
32121066
32121064
32121044
32121037
32120999
32120996
32120995
32120984
32120974
32120970
32120966
32120963
32120960
32120946
32120945
32120914
32120906
32120903
32120898
32120897
32120896
32120891
32120887
32120885
32120883
32120878
32120862
32120855
32120851
32120850
32120844
32120843
32120841
32120840
32120828
32120818
32120804
32120801
32120793
32120467
32120462
32120431
32120369
32120345
32120342
32120337
32120336
32120334
32120333
32120304
32120303
32120302
32120271
32120263
32120242
32120234
32120233
32120225
32120214
32120172
32120156
32120108
32120103
32120099
32120093
32120069
32120063
32120061
32120059
32120058
32120035
32120034
32120024
32120013
32120003
32119991
32119988
32119984
32119983
32119978
32119963
32119960
32119951
32119944
32119941
32119930
32119929
32119917
32119915
32119914
32119908
32119906
32119905
32119904
32119901
32119878
32119877
32119875
32119873
32119867
32119864
32119846
32119844
32119836
32119833
32119806
32119787
32119786
32119784
32119782
32119776
32119768
32119750
32119722
32119719
32119699
32119691
32119688
32119686
32119674
32119673
32119670
32119669
32119651
32119601
32119600
32119570
32119531
32119519
32119223
32119194
32119183
32119177
32119176
32119175
32119163
32119160
32119150
32119131
32119117
32119114
32119090
32119089
32119087
32119082
32119081
32119079
32119075
32119073
32119069
32118793
32118734
32118733
32118726
32118724
32118721
32118703
32118672
32118648
32118628
32118581
32118532
32118531
32118530
32118528
32118527
32118526
32118525
32118505
32118504
32118495
32118485
32118436
32118406
32118401
32118380
32118379
32118374
32118373
32118353
32118349
32118333
32118319
32118303
32118299
32118280
32118279
32118265
32118181
32118163
32118077
32118070
32118056
32118050
32118046
32118040
32118037
32118031
32118013
32118008
32118006
32117988
32117987
32117984
32117981
32117977
32117971
32117966
32117965
32117963
32117959
32117958
32117954
32117944
32117936
32117926
32117920
32117919
32117910
32117908
32117905
32117880
32117864
32117844
32117843
32117841
32117837
32117824
32117805
32117803
32117802
32117796
32117795
32117793
32117792
32117791
32117783
32117782
32117780
32117777
32117775
32117767
32117762
32117757
32117755
32117754
32117751
32117749
32117744
32117742
32117741
32117736
32117734
32117729
32117725
32117719
32117718
32117717
32117713
32117710
32117708
32117705
32117679
32117678
32117677
32117675
32117674
32117673
32117646
32117645
32117643
32117640
32117636
32117635
32117634
32117628
32117623
32117620
32117617
32117614
32117613
32117609
32117605
32117604
32117601
32117590
32117586
32117580
32117579
32117550
32117548
32117466
32117464
32117462
32117460
32117459
32117458
32117457
32117456
32117454
32117453
32117450
32117449
32117448
32117447
32117446
32117445
32117444
32117443
32117440
32117439
32117438
32117436
32117435
32117434
32117433
32117432
32117430
32117429
32117428
32117427
32117426
32117425
32117424
32117422
32117421
32117419
32117418
32117417
32117416
32117415
32117413
32117412
32117411
32117410
32117408
32117406
32117405
32117402
32117401
32117400
32117396
32117393
32117392
32117391
32117389
32117387
32117385
32117384
32117380
32117378
32117377
32117376
32117375
32117370
32117366
32117364
32117361
32117360
32117359
32117356
32117355
32117351
32117348
32117347
32117346
32117344
32117342
32117341
32117339
32117338
32117337
32117334
32117332
32117330
32117329
32117327
32117318
32117315
32117312
32117307
32117306
32117292
32117280
32117265
32117264
32117262
32117260
32117257
32117253
32117251
32117246
32117236
32117235
32117233
32117232
32117230
32117227
32117226
32117222
32117220
32117215
32117214
32117212
32117207
32117202
32117200
32117195
32117194
32117191
32117188
32117187
32117185
32117184
32117183
32117180
32117174
32117173
32117172
32117171
32117170
32117169
32117167
32117165
32117163
32117161
32117159
32117150
32117149
32117146
32117145
32117144
32117142
32117138
32117134
32117133
32117129
32117126
32117125
32117124
32117123
32117122
32117120
32117117
32117115
32117114
32117110
32117108
32117104
32117103
32117102
32117101
32117100
32117095
32117092
32117091
32117089
32117088
32117087
32117082
32117079
32117071
32117064
32117061
32117050
32117048
32117046
32117044
32117037
32117035
32117034
32117029
32117024
32117013
32117010
32117006
32117005
32117003
32116979
32116853
32116802
32116799
32116797
32116793
32116786
32116778
32116770
32116759
32116750
32116745
32116740
32116734
32116732
32116712
32116709
32116704
32116694
32116684
32116681
32116676
32116672
32116663
32116662
32116661
32116649
32116642
32116617
32116592
32116590
32116574
32116565
32116560
32116554
32116548
32116543
32116540
32116525
32116524
32116515
32116499
32116486
32116467
32116431
32116367
32116306
32116304
32116300
32116296
32116290
32116259
32116245
32116244
32116243
32116234
32116204
32116202
32116201
32116186
32116151
32116145
32116137
32116132
32116124
32116123
32116115
32116114
32116088
32116078
32116070
32116061
32116051
32116021
32116018
32115972
32115971
32115938
32115927
32115911
32115909
32115907
32115903
32115902
32115900
32115888
32115871
32115853
32115850
32115849
32115830
32115811
32115810
32115804
32115800
32115792
32115780
32115771
32115749
32115746
32115743
32115719
32115718
32115716
32115705
32115698
32115694
32115690
32115686
32115674
32115655
32115622
32115621
32115589
32115575
32115573
32115572
32115559
32115557
32115553
32115549
32115543
32115540
32115538
32115526
32115512
32115503
32115497
32115493
32115492
32115487
32115483
32115449
32115437
32115413
32115408
32115407
32115406
32115405
32115343
32115336
32115330
32115305
32115303
32115295
32115231
32115152
32115145
32115144
32115035
32115032
32115028
32115023
32115022
32114997
32114990
32114988
32114987
32114984
32114983
32114978
32114960
32114955
32114934
32114907
32114898
32114885
32114880
32114847
32114801
32114795
32114793
32114743
32114742
32114738
32114713
32114707
32114703
32114684
32114676
32114670
32114660
32114639
32114635
32114577
32114524
32114522
32114514
32114511
32114510
32114509
32114506
32114505
32114504
32114486
32114485
32114458
32114451
32114444
32114429
32114428
32114424
32114423
32114415
32114414
32114412
32114409
32114399
32114397
32114396
32114394
32114393
32114392
32114389
32114388
32114382
32114381
32114363
32114362
32114361
32114355
32114347
32114312
32114311
32114308
32114307
32114306
32114296
32114282
32114272
32114263
32114251
32114250
32114249
32114248
32114246
32114241
32114233
32114232
32114228
32114226
32114220
32114218
32114193
32114183
32114158
32114154
32114141
32114136
32114122
32114121
32114117
32114101
32114100
32114092
32114055
32114029
32114022
32114021
32114007
32114002
32113992
32113985
32113984
32113983
32113982
32113981
32113978
32113968
32113966
32113956
32113949
32113938
32113923
32113856
32113834
32113818
32113804
32113794
32113782
32113774
32113770
32113767
32113756
32113753
32113752
32113723
32113689
32113686
32113682
32113680
32113667
32113662
32113655
32113654
32113603
32113598
32113592
32113585
32113527
32113469
32113465
32113459
32113345
32113227
32113164
32113162
32113161
32113160
32113159
32113157
32113156
32113150
32113148
32113134
32113132
32113131
32113127
32113083
32113082
32113081
32113062
32113055
32113048
32113044
32113042
32113002
32112998
32112997
32112990
32112987
32112986
32112985
32112984
32112983
32112974
32112969
32112965
32112957
32112956
32112900
32112892
32112876
32112874
32112870
32112862
32112853
32112852
32112851
32112844
32112829
32112822
32112817
32112814
32112809
32112806
32112799
32112796
32112739
32112713
32112711
32112701
32112665
32112663
32112661
32112660
32112659
32112656
32112655
32112652
32112643
32112634
32112625
32112596
32112590
32112578
32112568
32112567
32112565
32112545
32112543
32112539
32112497
32112487
32112485
32112472
32112460
32112449
32112430
32112420
32112414
32112411
32112408
32112389
32112380
32112372
32112371
32112355
32112337
32112320
32112313
32112303
32112301
32112300
32112274
32112269
32112268
32112256
32112235
32112228
32112190
32112176
32112175
32112172
32112171
32112146
32112145
32112137
32112124
32112123
32112122
32112110
32112106
32112104
32112098
32112097
32112081
32112078
32112059
32112058
32112047
32112040
32111985
32111984
32111983
32111979
32111978
32111977
32111972
32111968
32111963
32111960
32111956
32111951
32111948
32111943
32111942
32111940
32111938
32111934
32111932
32111928
32111925
32111915
32111914
32111912
32111909
32111906
32111893
32111891
32111882
32111877
32111873
32111865
32111854
32111843
32111840
32111832
32111830
32111825
32111823
32111808
32111758
32111741
32111737
32111732
32111729
32111728
32111719
32111691
32111670
32111651
32111628
32111623
32111619
32111594
32111593
32111589
32111586
32111585
32111564
32111562
32111500
32111494
32111493
32111475
32111441
32111433
32111355
32111353
32111343
32111331
32111330
32111306
32111304
32111302
32111301
32111299
32111298
32111296
32111258
32111241
32111240
32111237
32111234
32111231
32111227
32111216
32111210
32111194
32111193
32111191
32111189
32111185
32111171
32111163
32111160
32111155
32111154
32111153
32111152
32111144
32111099
32111095
32111089
32111087
32111086
32111081
32111079
32111077
32111072
32111071
32111069
32111064
32111062
32111059
32111053
32111034
32111032
32111029
32111026
32111011
32111006
32111004
32111003
32111000
32110997
32110995
32110992
32110990
32110989
32110981
32110976
32110961
32110952
32110935
32110930
32110918
32110912
32110897
32110891
32110879
32110872
32110861
32110850
32110841
32110827
32110807
32110803
32110802
32110782
32110744
32110743
32110714
32110671
32110670
32110512
32110498
32110496
32110488
32110487
32110485
32110484
32110483
32110480
32110479
32110478
32110427
32110389
32110358
32110306
32110280
32110278
32110248
32110200
32110194
32110193
32110192
32110191
32110189
32110183
32110168
32110112
32110105
32110102
32110099
32110079
32110074
32110072
32110070
32110069
32110068
32110065
32110063
32110061
32110059
32110057
32110050
32110044
32110043
32110040
32110039
32110029
32110024
32110022
32109994
32109937
32109936
32109908
32109873
32109856
32109853
32109834
32109820
32109818
32109809
32109789
32109787
32109783
32109782
32109761
32109736
32109727
32109716
32109713
32109697
32109691
32109688
32109676
32109670
32109669
32109668
32109663
32109655
32109646
32109618
32109614
32109613
32109612
32109610
32109609
32109606
32109587
32109583
32109580
32109569
32109567
32109564
32109560
32109559
32109558
32109548
32109542
32109535
32109526
32109521
32109520
32109518
32109502
32109501
32109500
32109492
32109485
32109480
32109476
32109474
32109442
32109431
32109421
32109417
32109416
32109414
32109413
32109400
32109395
32109388
32109387
32109384
32109378
32109368
32109360
32109355
32109328
32109290
32109289
32109282
32109281
32109272
32109266
32109244
32109243
32109238
32109236
32109230
32109227
32109208
32109204
32109182
32109174
32109154
32109147
32109146
32109003
32108999
32108996
32108992
32108986
32108982
32108980
32108979
32108978
32108967
32108965
32108939
32108903
32108894
32108881
32108873
32108870
32108864
32108858
32108759
32108751
32108714
32108681
32108646
32108644
32108625
32108620
32108610
32108600
32108566
32108526
32108484
32108453
32108450
32108448
32108446
32108440
32108437
32108430
32108427
32108395
32108380
32108376
32108374
32108365
32108357
32108315
32108314
32108313
32108290
32108248
32108239
32108238
32108237
32108236
32108224
32108196
32108180
32108178
32108172
32108170
32108164
32108163
32108149
32108147
32108145
32108139
32108138
32108133
32108043
32108042
32108041
32108039
32108038
32108034
32108033
32108032
32108030
32108025
32108023
32107990
32107934
32107923
32107880
32107878
32107877
32107876
32107872
32107870
32107869
32107864
32107856
32107851
32107839
32107816
32107815
32107807
32107786
32107760
32107749
32107703
32107691
32107688
32107672
32107660
32107652
32107650
32107612
32107606
32107564
32107557
32107550
32107545
32107531
32107503
32107496
32107493
32107482
32107474
32107462
32107458
32107450
32107448
32107447
32107419
32107418
32107417
32107411
32107410
32107407
32107406
32107398
32107396
32107392
32107391
32107387
32107381
32107379
32107361
32107336
32107331
32107313
32107311
32107306
32107298
32107297
32107283
32107282
32107279
32107266
32107168
32107153
32107152
32107113
32107090
32107087
32107074
32107060
32107037
32107003
32107002
32106944
32106888
32106887
32106880
32106863
32106859
32106857
32106831
32106818
32106817
32106815
32106811
32106772
32106769
32106756
32106754
32106752
32106739
32106725
32106671
32106666
32106653
32106651
32106650
32106643
32106631
32106629
32106628
32106619
32106618
32106616
32106615
32106614
32106613
32106612
32106606
32106599
32106598
32106596
32106595
32106587
32106586
32106582
32106563
32106553
32106550
32106546
32106545
32106535
32106534
32106533
32106526
32106521
32106520
32106516
32106514
32106513
32106510
32106507
32106501
32106487
32106460
32106453
32106447
32106443
32106439
32106437
32106424
32106418
32106416
32106411
32106410
32106406
32106387
32106381
32106379
32106374
32106371
32106365
32106364
32106343
32106311
32106292
32106291
32106289
32106287
32106282
32106268
32106257
32106250
32106243
32106221
32106203
32106193
32106113
32106110
32106092
32106090
32106089
32106056
32106047
32106015
32106014
32106002
32105997
32105991
32105989
32105981
32105967
32105941
32105923
32105922
32105920
32105919
32105865
32105864
32105846
32105844
32105842
32105832
32105827
32105816
32105814
32105813
32105802
32105801
32105796
32105779
32105778
32105761
32105753
32105750
32105733
32105732
32105727
32105725
32105709
32105702
32105700
32105695
32105681
32105674
32105673
32105670
32105667
32105657
32105654
32105652
32105623
32105604
32105584
32105574
32105570
32105543
32105524
32105520
32105519
32105516
32105510
32105478
32105427
32105419
32105412
32105410
32105409
32105361
32105358
32105329
32105327
32105323
32105315
32105306
32105289
32105286
32105270
32105265
32105197
32105190
32105188
32105171
32105161
32105160
32105080
32105069
32105008
32104992
32104964
32104945
32104913
32104912
32104911
32104841
32104819
32104752
32104742
32104705
32104702
32104701
32104700
32104698
32104692
32104691
32104690
32104684
32104616
32104545
32104542
32104533
32104530
32104523
32104513
32104512
32104503
32104502
32104496
32104477
32104436
32104304
32104303
32104302
32104301
32104297
32104287
32104279
32104278
32104276
32104271
32104266
32104264
32104261
32104260
32104257
32104237
32104236
32104233
32104230
32104227
32104226
32104216
32104215
32104211
32104200
32104198
32104195
32104194
32104183
32104178
32104177
32104148
32104142
32104138
32104089
32104083
32104079
32104069
32104066
32104049
32104047
32104046
32104045
32104044
32104032
32104018
32104016
32104013
32104010
32104000
32103994
32103992
32103989
32103984
32103982
32103981
32103964
32103962
32103902
32103901
32103900
32103875
32103871
32103851
32103829
32103820
32103819
32103785
32103781
32103780
32103775
32103761
32103760
32103751
32103733
32103722
32103721
32103712
32103696
32103629
32103627
32103605
32103604
32103589
32103583
32103545
32103526
32103523
32103494
32103471
32103464
32103460
32103446
32103444
32103436
32103414
32103380
32103378
32103377
32103374
32103345
32103340
32103339
32103336
32103316
32103315
32103314
32103313
32103285
32103267
32103264
32103263
32103259
32103253
32103185
32103181
32103178
32103176
32103170
32103168
32103167
32103165
32103150
32103148
32103143
32103140
32103137
32103135
32103130
32103124
32103111
32103108
32103106
32103104
32103103
32103089
32103072
32103065
32103062
32103057
32103049
32103047
32103041
32103039
32103037
32103029
32103026
32103021
32103019
32103018
32103011
32103005
32103003
32102997
32102991
32102984
32102983
32102981
32102950
32102946
32102945
32102944
32102942
32102941
32102938
32102934
32102928
32102913
32102903
32102899
32102889
32102884
32102880
32102877
32102855
32102850
32102848
32102846
32102844
32102837
32102832
32102829
32102825
32102776
32102775
32102774
32102773
32102770
32102754
32102741
32102705
32102694
32102688
32102661
32102656
32102616
32102612
32102594
32102593
32102558
32102538
32102534
32102530
32102526
32102521
32102518
32102514
32102509
32102503
32102500
32102485
32102481
32102470
32102467
32102454
32102450
32102444
32102435
32102433
32102430
32102428
32102425
32102422
32102413
32102406
32102404
32102395
32102389
32102387
32102385
32102373
32102366
32102364
32102359
32102357
32102350
32102344
32102340
32102332
32102330
32102328
32102319
32102314
32102312
32102296
32102272
32102250
32102230
32102228
32102218
32102194
32102190
32102183
32102154
32102151
32102150
32102149
32102148
32102145
32102137
32102128
32102121
32102031
32101905
32101904
32101899
32101877
32101872
32101857
32101840
32101839
32101834
32101828
32101819
32101813
32101784
32101753
32101752
32101751
32101750
32101745
32101741
32101721
32101716
32101712
32101709
32101705
32101703
32101701
32101699
32101684
32101665
32101664
32101638
32101615
32101613
32101585
32101576
32101575
32101570
32101569
32101568
32101552
32101543
32101536
32101525
32101523
32101515
32101513
32101512
32101465
32101459
32101454
32101450
32101430
32101424
32101421
32101381
32101377
32101375
32101374
32101367
32101357
32101333
32101299
32101294
32101292
32101291
32101290
32101278
32101275
32101273
32101253
32101179
32101167
32101159
32101158
32101138
32101127
32101119
32101117
32101114
32101101
32101083
32101080
32101078
32101077
32101052
32101051
32101041
32101033
32100999
32100973
32100971
32100970
32100957
32100949
32100936
32100923
32100907
32100885
32100878
32100873
32100835
32100787
32100723
32100709
32100707
32100706
32100704
32100703
32100702
32100699
32100697
32100695
32100693
32100692
32100691
32100690
32100688
32100687
32100686
32100685
32100678
32100673
32100663
32100644
32100643
32100632
32100594
32100582
32100578
32100546
32100534
32100459
32100453
32100443
32100427
32100410
32100385
32100375
32100373
32100372
32100354
32100338
32100335
32100325
32100321
32100309
32100304
32100288
32100259
32100228
32100171
32100143
32100139
32100136
32100135
32100129
32100120
32100118
32100076
32100072
32100023
32100015
32099996
32099995
32099994
32099986
32099983
32099982
32099970
32099963
32099950
32099910
32099899
32099874
32099850
32099849
32099817
32099803
32099754
32099746
32099742
32099739
32099734
32099730
32099673
32099667
32099638
32099618
32099613
32099612
32099611
32099610
32099608
32099606
32099604
32099603
32099602
32099601
32099598
32099594
32099593
32099568
32099564
32099561
32099560
32099557
32099556
32099555
32099532
32099531
32099530
32099529
32099528
32099527
32099522
32099520
32099474
32099470
32099467
32099460
32099441
32099439
32099423
32099422
32099421
32099420
32099419
32099418
32099417
32099410
32099408
32099407
32099406
32099405
32099402
32099401
32099397
32099396
32099394
32099386
32099384
32099382
32099369
32099333
32099332
32099330
32099107
32099103
32099102
32099100
32099099
32099098
32099096
32099075
32099069
32099063
32099057
32099040
32099033
32099032
32099025
32099024
32099014
32099013
32099012
32099009
32099002
32098998
32098997
32098989
32098988
32098976
32098967
32098966
32098942
32098917
32098916
32098912
32098891
32098890
32098889
32098881
32098869
32098850
32098846
32098836
32098835
32098829
32098825
32098824
32098823
32098822
32098820
32098818
32098816
32098814
32098813
32098811
32098810
32098801
32098800
32098797
32098786
32098782
32098780
32098766
32098765
32098761
32098759
32098708
32098696
32098686
32098629
32098627
32098612
32098588
32098576
32098550
32098547
32098485
32098455
32098451
32098429
32098425
32098416
32098402
32098401
32098400
32098395
32098368
32098350
32098345
32098344
32098339
32098338
32098336
32098331
32098321
32098311
32098309
32098295
32098292
32098291
32098287
32098282
32098275
32098272
32098270
32098268
32098267
32098266
32098265
32098259
32098253
32098245
32098243
32098241
32098238
32098234
32098229
32098203
32098201
32098200
32098197
32098191
32098186
32098185
32098173
32098172
32098170
32098149
32098144
32098134
32098112
32098111
32098106
32098104
32098099
32098078
32098059
32098056
32098036
20301696
32097970
32097969
32097913
32097873
32097865
32097848
32097847
32097843
32097827
32097808
32097791
32097779
32097778
32097777
32097761
32097757
32097747
32097739
32097735
32097733
32097727
32097715
32097710
32097696
32097695
32097694
32097667
32097666
32097665
32097654
32097651
32097630
32097629
32097625
32097622
32097618
32097615
32097613
32097599
32097586
32097574
32097559
32097551
32097539
32097528
32097524
32097478
32097473
32097468
32097467
32097450
32097449
32097444
32097442
32097429
32097425
32097424
32097416
32097409
32097405
32097333
32097313
32097311
32097310
32097281
32097250
32097233
32097179
32097085
32097047
32097036
32097025
32097024
32096993
32096985
32096925
32096914
32096913
32096907
32096871
32096870
32096861
32096828
32096767
32096765
32096754
32096745
32096696
32096690
32096689
32096672
32096669
32096668
32096635
32096606
32096603
32096600
32096597
32096592
32096588
32096565
32096563
32096558
32096550
32096549
32096546
32096543
32096538
32096476
32096458
32096448
32096438
32096428
32096418
32096406
32096383
32096382
32096373
32096372
32096345
32096343
32096339
32096337
32096334
32096325
32096311
32096304
32096299
32096298
32096295
32096293
32096291
32096288
32096286
32096271
32096265
32096261
32096207
32096203
32096187
32096186
32096185
32096182
32096178
32096176
32096174
32096172
32096169
32096168
32096165
32096160
32096157
32096154
32096153
32096149
32096148
32096126
32096122
32096114
32096109
32096068
32096060
32096057
32096056
32096054
32096053
32096051
32096040
32096038
32096025
32096024
32095986
32095972
32095891
32095881
32095874
32095861
32095826
32095823
32095820
32095812
32095811
32095808
32095794
32095733
32095720
32095654
32095636
32095635
32095634
32095632
32095623
32095605
32095533
32095531
32095520
32095519
32095517
32095484
32095441
32095395
32095380
32095377
32095376
32095371
32095369
32095363
32095361
32095360
32095353
32095352
32095349
32095348
32095347
32095340
32095336
32095334
32095330
32095326
32095325
32095323
32095321
32095316
32095276
32095252
32095238
32095237
32095226
32095225
32095208
32095199
32095191
32095167
32095160
32095159
32095155
32095148
32095147
32095146
32095117
32095098
32095083
32095060
32095056
32095045
32095043
32095042
32095039
32094925
32094912
32094911
32094659
32094657
32094656
32094588
32094587
32094586
32094544
32094540
32094539
32094517
32094512
32094488
32094484
32094468
32094466
32094465
32094452
32094443
32094435
32094426
32094425
32094424
32094422
32094410
32094409
32094404
32094402
32094386
32094381
32094380
32094379
32094378
32094374
32094373
32094363
32094355
32094352
32094347
32094344
32094342
32094338
32094336
32094318
32094308
32094306
32094299
32094263
32094262
32094260
32094256
32094254
32094252
32094249
32094233
32094226
32094206
32094203
32094197
32094195
32094190
32094185
32094181
32094176
32094163
32094162
32094161
32094160
32094150
32094147
32094118
32094117
32094115
32094114
32094113
32094111
32094096
32094061
32094060
32094050
32094003
32093976
32093963
32093893
32093887
32093874
32093866
32093858
32093798
32093796
32093781
32093775
32093773
32093770
32093765
32093760
32093758
32093753
32093752
32093746
32093737
32093736
32093735
32093734
32093728
32093721
32093716
32093713
32093712
32093698
32093695
32093694
32093693
32093692
32093691
32093682
32093680
32093671
32093670
32093658
32093657
32093656
32093654
32093643
32093642
32093636
32093627
32093624
32093614
32093613
32093611
32093610
32093606
32093603
32093601
32093600
32093550
32093536
32093517
32093497
32093457
32093453
32093452
32093427
32093420
32093414
32093408
32093406
32093403
32093391
32093387
32093382
32093378
32093375
32093365
32093355
32093344
32093341
32093336
32093326
32093321
32093318
32093309
32093300
32093295
32093294
32093290
32093284
32093282
32093272
32093271
32093270
32093269
32093268
32093266
32093254
32093251
32093234
32093229
32093221
32093216
32093201
32093196
32093195
32093192
32093187
32093185
32093175
32093162
32093161
32093160
32093159
32093158
32093151
32093141
32093140
32093127
32093124
32093123
32093120
32093114
32093110
32093107
32093105
32093103
32093100
32093084
32093082
32093080
32093079
32093067
32093058
32093054
32093042
32093041
32093034
32093031
32093028
32093016
32093012
32092990
32092988
32092981
32092972
32092968
32092964
32092959
32092953
32092942
32092940
32092939
32092936
32092934
32092924
32092923
32092910
32092896
32092894
32092871
32092860
32092852
32092825
32092824
32092818
32092784
32092782
32092754
32092751
32092744
32092739
32092738
32092735
32092716
32092706
32092701
32092691
32092657
32092654
32092653
32092639
32092605
32092599
32092597
32092594
32092578
32092577
32092567
32092564
32092547
32092542
32092540
32092535
32092528
32092520
32092481
32092471
32092453
32092447
32092440
32092437
32092433
32092414
32092412
32092411
32092407
32092406
32092399
32092364
32092350
32092334
32092330
32092329
32092318
32092305
32092304
32092301
32092294
32092292
32092287
32092285
32092270
32092267
32092251
32092227
32092211
32092202
32092164
32092154
32092148
32092142
32092139
32092138
32092137
32092133
32092131
32092127
32092124
32092117
32092101
32092099
32092096
32092088
32092071
32092066
32092058
32092056
