32142225
32142224
32142223
32142212
32142178
32142177
32142159
32142123
32141982
32141895
32141894
32141891
32141885
32141871
32141813
32141790
32141765
32141698
32141622
32141615
32141610
32141607
32141501
32141493
32141475
32141472
32141413
32141403
32141392
32141360
32141255
32141244
32141187
32141180
32141174
32141171
32141165
32141137
32141074
32140998
32140958
32140911
32140910
32140892
32140884
32140732
32140726
32140679
32140668
32140665
32140658
32140648
32140633
32140606
32140520
32140503
32140466
32140416
32140340
32140313
32140304
32140298
32140258
32140248
32140239
32140238
32140237
32140232
32140230
32140197
32140182
32140166
32140165
32140154
32140061
32140009
32139985
32139907
32139899
32139898
32139886
32139877
32139876
32139841
32139809
32139775
32139749
32139737
32139728
32139726
32139717
32139705
32139702
32139696
32139688
32139671
32139661
32139605
32139573
32139572
32139560
32139539
32139534
32139519
32139480
32139473
32139439
32139435
32139434
32139419
32139403
32139392
32139386
32139373
32139361
32139358
32139316
32139297
32139220
32139180
32139179
32139166
32139157
32139125
32139117
32139107
32139062
32138812
32138787
32138773
32138755
32138658
32138647
32138556
32138382
32138355
32138348
32138315
32138289
32138288
32138266
32138258
32138249
32138244
32138195
32138192
32138178
32138165
32135601
32135567
32135433
32135399
32135312
32135311
32135277
32135276
32135248
32135135
32135084
32135011
32134994
32134959
32134916
32134914
32134913
32134844
32134839
32134742
32134721
32134532
32134501
32134477
32134442
32134431
32134392
32134384
32134375
32134374
32134371
32134287
32134219
32134193
32134190
32134183
32134147
32134130
32134040
32133978
32133974
32133962
32133917
32133772
32133744
32133710
32133694
32133669
32133637
32133636
32133601
32133597
32133535
32133534
32133533
32133499
32133497
32133428
32133422
32133420
32133419
32133396
32133395
32133381
32133357
32133294
32133259
32133160
32133061
32133058
32133048
32133047
32133030
32133024
32133021
32133017
32132981
32132974
32132929
32132926
32132739
32132714
32132706
32132700
32132681
32132679
32132673
32132664
32132611
32132607
32132582
32132567
32132564
32132561
32132554
32132543
32132541
32132394
32132271
32132231
32132225
32132210
32132206
32132166
32132161
32132157
32132154
32132132
32132121
32132117
32132115
32132098
32132097
32132062
32132029
32132027
32132020
32131938
32131873
32131813
32131733
32131731
32131729
32131728
32131721
32131676
32131541
32131498
32131496
32131491
32131485
32131477
32131114
32131043
32130954
32130952
32130932
32130918
32130917
32130912
32130903
32130900
32130899
32130895
32130893
32130890
32130795
32130724
32130712
32130634
32130626
32130617
32130600
32130584
32130564
32130505
32130487
32130434
32130216
32130159
32129976
32129945
32129921
32129902
32129882
32129857
32129854
32129843
32129827
32129763
32129762
32129754
32129735
32129710
32129518
32129476
32129472
32129453
32129449
32129445
32129444
32129306
32129174
32129155
32129152
32129128
32129043
32128954
32128952
32128950
32128942
32128922
32128872
32128843
32128828
32128787
32128749
32128745
32128743
32128742
32128741
32128740
32128739
32128738
32128737
32128736
32128662
32128617
32128616
32128591
32128585
32128557
32128468
32128442
32128418
32128395
32128391
32128389
32128343
32128294
32128278
32128178
32128144
32128140
32128139
32128133
32128130
32128126
32128115
32128092
32128089
32128073
32128068
32127923
32127821
32127797
32127796
32127794
32127782
32127775
32127733
32127730
32127698
32127696
32127695
32127690
32127645
32127641
32127640
32127638
32127628
32127627
32127618
32127597
32127593
32127582
32127568
32127553
32127552
32127542
32127534
32127526
32127525
32127516
32127489
32127481
32127464
32127447
32127422
32127410
32127409
32127396
32127388
32127290
32127157
32127139
32127024
32127014
32127009
32127008
32127003
32126938
32126783
20301702
26389510
26389258
26389204
32126585
32126479
32126452
32126395
32126384
32126327
32126298
32126238
32126153
32126077
32126019
32125979
32125939
32125936
32125932
32125900
32125895
32125790
32125788
32125779
32125745
32125725
32125696
32125652
32125626
32125598
32125597
32125477
32125455
32125373
32125369
32125366
32125365
32125358
32125289
32125284
32125283
32125278
32125263
32125084
32125024
32125007
32124961
32124924
32124919
32124806
32124726
32124710
32124706
32124692
32124677
32124637
32124548
32124536
32124522
32124467
32124461
32124427
32124401
32124386
32124321
32124317
32124315
32124314
32124309
32124289
32124236
32124191
32124190
32124183
32124173
32124171
32124167
32124128
32124083
32124065
32124012
32124011
32124004
32123974
32123914
32123841
32123813
32123723
32123713
32123669
32123645
32123609
32123577
32123574
32123506
32123492
32123442
32123397
32123394
32123387
32123375
32123354
32123350
32123323
32123317
32123275
32123273
32123258
32123225
32123198
32123184
32123156
32123115
32123111
32123088
32123083
32123074
32123072
32123055
32123053
32123049
32122998
32122992
32122990
32122959
32122956
32122953
32122936
32122935
32122922
32122920
32122914
32122897
32122892
32122890
32122885
32122872
32122871
32122861
32122860
32122803
32122794
32122747
32122728
32122583
32122550
32122533
32122531
32122525
32122454
32122385
32122379
32122349
32122335
32122310
32122303
32122300
32122297
32121607
32121603
32121584
32121581
32121556
32121554
32121544
32121503
32121493
32121484
32121467
32121417
32121405
32121399
32121287
32121268
32121175
32121167
32121156
32121147
32121123
32121121
32121115
32121069
32121033
32120986
32120963
32120960
32120906
32120896
32120883
32120776
32120403
32120337
32120336
32120306
32120303
32120258
32120056
32120048
32120019
32120009
32120005
32119920
32119914
32119885
32119875
32119846
32119836
32119789
32119750
32119710
32119688
32119674
32119673
32119671
32119223
32119194
32119193
32119118
32119094
32119089
32119082
32119081
32119036
32119016
32118827
32118737
32118733
32118732
32118726
32118724
32118705
32118581
32118520
32118508
32118499
32118495
32118373
32118353
32118312
32118260
32118208
32118049
32118046
32117973
32117961
32117930
32117845
32117824
32117810
32117799
32117793
32117779
32117767
32117764
32117752
32117751
32117722
32117721
32117716
32117708
32117703
32117694
32117634
32117609
32117605
32117604
32117459
32117449
32117444
32117442
32117441
32117429
32117428
32117425
32117416
32117415
32117412
32117406
32117396
32117383
32117381
32117361
32117360
32117341
32117339
32117334
32117325
32117312
32117295
32117269
32117246
32117244
32117237
32117230
32117220
32117196
32117176
32117146
32117134
32117129
32117121
32117111
32117108
32117105
32117103
32117081
32117067
32117058
32117051
32117046
32117044
32117037
32117035
32117024
32117010
32117003
32116979
32116848
32116834
32116713
32116660
32116638
32116619
32116601
32116545
32116544
32116515
32116502
32116499
32116493
32116467
32116387
32116304
32116298
32116259
32116251
32116250
32116245
32116157
32116123
32116085
32116070
32116020
32115974
32115909
32115905
32115904
32115903
32115902
32115889
32115888
32115865
32115806
32115804
32115800
32115754
32115698
32115693
32115674
32115644
32115622
32115573
32115439
32115387
32115371
32115342
32115322
32115305
32115227
32115079
32115023
32115005
32114990
32114984
32114860
32114853
32114822
32114786
32114783
32114777
32114707
32114655
32114511
32114500
32114459
32114458
32114445
32114434
32114424
32114414
32114388
32114382
32114381
32114368
32114366
32114317
32114294
32114280
32114253
32114226
32114220
32114194
32114165
32114096
32114081
32114079
32114055
32114007
32113999
32113985
32113984
32113982
32113923
32113893
32113883
32113855
32113844
32113830
32113788
32113763
32113704
32113680
32113667
32113659
32113648
32113545
32113484
32113158
32113127
32113002
32112997
32112975
32112974
32112956
32112888
32112857
32112812
32112788
32112777
32112661
32112660
32112658
32112656
32112654
32112641
32112602
32112575
32112567
32112547
32112545
32112543
32112506
32112501
32112465
32112439
32112422
32112420
32112412
32112408
32112393
32112367
32112342
32112337
32112302
32112258
32112228
32112212
32112172
32112110
32112099
32112086
32112059
32112058
32112053
32111982
32111943
32111908
32111882
32111843
32111819
32111816
32111808
32111749
32111732
32111636
32111629
32111628
32111619
32111593
32111582
32111562
32111498
32111493
32111479
32111433
32111400
32111376
32111329
32111323
32111319
32111298
32111285
32111252
32111235
32111232
32111185
32111184
32111179
32111154
32111153
32111103
32111095
32111086
32111077
32110991
32110986
32110946
32110899
32110891
32110831
32110755
32110718
32110716
32110714
32110670
32110651
32110501
32110500
32110488
32110487
32110480
32110283
32110248
32110194
32110077
32110037
32110024
32109999
32109948
32109944
32109939
32109935
32109817
32109787
32109735
32109724
32109676
32109663
32109582
32109559
32109558
32109548
32109542
32109510
32109500
32109490
32109421
32109420
32109419
32109418
32109417
32109416
32109381
32109377
32109375
32109374
32109360
32109309
32109281
32109272
32109246
32109241
32109232
32109230
32109229
32109227
32109173
32109061
32108986
32108979
32108953
32108903
32108880
32108876
32108850
32108714
32108542
32108534
32108381
32108282
32108234
32108178
32108150
32108148
32108144
32108138
32108137
32108104
32108038
32108037
32108028
32108027
32108026
32108025
32108024
32107908
32107856
32107855
32107853
32107824
32107816
32107815
32107799
32107650
32107644
32107637
32107565
32107557
32107550
32107493
32107470
32107448
32107410
32107409
32107387
32107334
32107330
32107324
32107292
32107289
32107282
32107279
32107278
32107180
32107154
32107139
32107087
32107051
32107037
32106990
32106972
32106888
32106815
32106811
32106789
32106772
32106769
32106727
32106725
32106665
32106654
32106652
32106650
32106628
32106611
32106602
32106549
32106532
32106524
32106447
32106420
32106411
32106365
32106343
32106312
32106286
32106283
32106268
32106243
32106218
32106113
32106089
32105965
32105945
32105923
32105826
32105814
32105811
32105774
32105764
32105734
32105733
32105729
32105702
32105666
32105636
32105631
32105630
32105612
32105575
32105570
32105447
32105419
32105380
32105361
32105337
32105305
32105293
32105270
32105245
32105214
32105176
32105131
32105090
32105013
32105008
32104994
32104992
32104927
32104912
32104897
32104892
32104701
32104651
32104521
32104227
32104112
32104089
32104049
32104046
32104023
32104002
32103966
32103957
32103933
32103901
32103866
32103777
32103754
32103712
32103622
32103577
32103563
32103528
32103500
32103489
32103488
32103464
32103414
32103399
32103397
32103380
32103267
32103250
32103242
32103205
32103191
32103185
32103184
32103177
32103175
32103174
32103170
32103165
32103162
32103150
32103145
32103123
32103117
32103064
32103041
32103017
32103011
32103002
32102981
32102975
32102971
32102944
32102940
32102939
32102932
32102930
32102921
32102883
32102852
32102848
32102844
32102832
32102811
32102778
32102771
32102770
32102695
32102669
32102593
32102582
32102526
32102516
32102484
32102482
32102473
32102469
32102450
32102430
32102395
32102213
32102189
32102181
32102155
32102151
32102115
32101905
32101877
32101784
32101760
32101751
32101750
32101746
32101731
32101729
32101712
32101665
32101615
32101556
32101538
32101536
32101525
32101523
32101337
32101310
32101309
32101305
32101295
32101292
32101290
32101271
32101167
32101166
32101165
32101163
32101058
32100971
32100955
32100936
32100878
32100873
32100871
32100847
32100788
32100723
32100713
32100672
32100664
32100546
32100474
32100468
32100467
32100459
32100410
32100402
32100390
32100327
32100321
32100314
32100190
32100173
32100138
32100099
32100095
32100072
32100030
32100005
32099997
32099950
32099817
32099816
32099761
32099754
32099748
32099702
32099649
32099603
32099591
32099589
32099586
32099557
32099537
32099443
32099430
32099372
32099107
32099103
32099098
32099096
32099086
32099075
32099073
32099069
32099054
32099048
32099025
32099013
32099011
32098991
32098980
32098976
32098967
32098966
32098957
32098920
32098902
32098867
32098856
32098847
32098846
32098823
32098815
32098790
32098764
32098759
32098655
32098630
32098574
32098547
32098451
32098395
32098391
32098339
32098311
32098292
32098287
32098265
32098238
32098213
32098192
32098178
32098172
32098165
32098134
32098127
32098120
20301729
20301696
20301356
26389505
32097993
32097883
32097875
32097819
32097787
32097768
32097739
32097716
32097690
32097686
32097653
32097652
32097630
32097629
32097615
32097613
32097599
32097597
32097595
32097567
32097531
32097528
32097503
32097499
32097471
32097463
32097451
32097423
32097421
32097416
32097405
32097368
32097281
32097233
32097206
32097179
32097044
32097040
32097026
32096864
32096767
32096696
32096613
32096600
32096599
32096568
32096539
32096469
32096467
32096448
32096437
32096334
32096305
32096284
32096235
32096062
32096056
32096039
32096029
32095996
32095947
32095869
32095812
32095811
32095788
32095767
32095654
32095623
32095534
32095519
32095517
32095335
32095323
32095238
32095208
32095191
32095164
32095160
32095098
32094924
32094923
32094911
32094659
32094656
32094641
32094584
32094539
32094538
32094481
32094462
32094421
32094419
32094386
32094380
32094379
32094358
32094347
32094344
32094342
32094338
32094294
32094263
32094252
32094206
32094195
32094187
32094185
32094174
32094169
32094149
32094139
32094136
32094117
32094114
32094113
32094112
32094092
32094060
32094050
32094020
32093851
32093842
32093779
32093775
32093765
32093759
32093752
32093751
32093739
32093730
32093728
32093702
32093671
32093670
32093658
32093643
32093611
32093536
32093427
32093406
32093380
32093358
32093292
32093268
32093233
32093196
32093192
32093172
32093151
32093127
32093120
32093117
32093088
32093067
32093057
32093054
32093026
32093012
32092994
32092988
32092977
32092972
32092942
32092906
32092904
32092759
32092716
32092701
32092694
32092671
32092639
32092595
32092594
32092541
32092540
32092486
32092471
32092453
32092440
32092393
32092351
32092350
32092329
32092325
32092319
32092317
32092307
32092305
32092299
32092287
32092211
32092148
32092142
32092125
32092106
32092073
32092066
32092058
32092051
32092049
32092048
32091922
32091901
32091628
32091624
32091621
32091596
32091595
32091585
32091431
32091410
32091396
32091337
32091318
32091304
32091183
32091181
32091155
32091143
32091082
32091028
32091005
32090980
32090969
32090785
32090758
32090749
32090706
32090699
32090478
32090477
32090437
32090422
32090358
32090355
32090339
32090327
32090326
32090323
32090288
32090268
32090249
32090130
32090086
32090079
32090020
32089906
32089838
32089830
32089821
32089782
32089771
32089745
32089658
32089648
32089638
32089630
32089546
32089544
32089531
32089517
32089411
32089404
32089391
32089351
32089316
32089311
32089255
32089186
32089133
32089117
32089077
32089044
32089034
32088909
32088896
32088889
32088888
32088878
32088877
32088852
32088842
32088839
32088830
32088803
32088709
32088702
32088655
32088644
32088643
32088589
32088581
32088416
32088403
32088392
32088336
32088307
32088280
32088277
32088204
32088153
32088152
32088118
32088033
32088018
32087949
32087917
32087910
32087857
32087854
32087853
32087766
32087759
32087735
32087727
32087702
32087678
32087589
32087478
32087470
32087448
32087405
32087371
32087370
32087369
32087308
32087294
32087275
32087274
32087251
32087246
32087234
32087202
32087201
32087148
32087139
32087097
32087085
32087070
32087061
32087029
32087002
32086974
32086958
32086956
32086890
32086865
32086799
32086718
32086717
32086683
32086639
32086516
32086496
32086444
32086392
32086391
32086382
32086333
32086317
32086311
32086284
32086252
32086049
32086048
32086033
32086015
32085962
32085918
32085899
32085889
32085882
32085855
32085796
32085749
32085672
32085662
32085617
32085527
32085510
32085509
32085502
32085463
32085430
32085421
32085407
32085406
32085403
32085164
32085127
32085052
32085043
32085034
32084988
32084978
32084977
32084928
32084922
32084647
32084624
32084611
32084610
32084577
32084523
32084511
32084476
32084433
32084423
32084414
32084407
32084401
32084398
32084385
32084377
32084359
32084358
32084351
32084340
32084337
32084336
32084325
32084323
32084300
32084249
32084246
32084225
32084206
32084185
32084179
32084157
32084126
32084124
32084067
32084020
32084016
32083999
32083953
32083951
32083822
32083775
32083752
32083737
32083733
32083687
32083666
32083649
32083584
32083579
32083570
32083552
32083538
32083453
32083404
32083401
32083395
32083394
32083383
32083381
32083375
32083308
32083302
32083293
32083289
32083286
32083205
32083157
32083129
32083081
32083077
32083074
32083042
32082654
32082653
32082621
32082567
32082550
32082505
32082494
32082491
32082483
32082426
32082406
32082376
32082368
32082360
32082356
32082350
32082340
32082335
32082316
32082276
32082240
32082185
32082176
32082143
32082115
32082107
32082103
32082077
32082075
32082047
32081995
32081985
32081981
32081980
32081979
32081961
32081919
32081902
32081899
32081898
32081890
32081878
32081871
32081864
32081806
32081772
32081759
32081739
32081711
32081709
32081706
32081696
32081602
32081578
32081575
32081561
32081490
32081467
32081436
32081435
32081432
32081369
32081288
32081273
32081267
32081255
32081184
32081159
32081147
32081091
32081053
32081034
32081027
32080954
32080920
32080855
32080838
32080835
32080830
32080794
32080787
32080776
32080705
32080367
32080354
32080266
32080200
32080192
32080190
32080181
32080151
32080141
32080114
32080102
32080097
32080096
32080090
32080088
32080087
32080081
32079998
32079985
32079889
32079866
32079766
32079763
32079724
32079702
32079696
32079672
32079652
32079624
32079623
32079615
32079595
32079542
32079541
32079539
32079537
32079488
32079437
32079423
32079337
32079323
32079296
32079227
32079223
32079166
32079163
32079139
32079133
32079103
32079091
32079054
32079042
32078988
32078899
32078850
32078840
32078807
32078802
32078711
32078700
32078678
32078641
32078629
32078587
32078586
32078585
32078431
32078429
32078413
32078387
32078373
32078367
32078321
32078254
32078236
32078235
32078220
32078194
32078150
32078125
32078036
32078009
32077944
32077939
32077937
32077934
32077931
32077919
32077851
32077844
32077765
32077750
32077696
32077592
32077508
32077500
32077492
32077485
32077450
32077402
32077283
32077244
32077223
32077169
32077168
32077165
32077159
32077151
32077108
32077024
32077005
32076997
32076995
32076896
32076829
32076781
32076763
32076747
32076725
32076722
32076715
32076698
32076651
32076600
32076548
32076547
32076532
32076522
32076513
32076465
32076459
32076456
32076434
32076423
32076422
32076263
32076136
32076135
32076125
32076119
32076118
32076113
32076112
32076106
32076100
32076096
32076091
32076073
32076055
32076041
32076038
32076022
32076012
32075961
32075954
32075943
32075930
32075923
32075918
32075907
32075879
32075865
32075854
32075772
32075771
32075763
32075762
32075760
32075753
32075743
32075740
32075734
32075733
32075729
32075696
32075678
32075597
32075560
32075559
32075555
32075553
32075552
32075533
32075527
32075477
32075476
32075391
32075360
32075310
32075300
32075298
32075258
32075154
32075123
32075111
32075098
32075094
32075050
32075028
32074998
32074988
32074972
32074965
32074771
32074742
32074736
32074728
32074708
32074705
32074493
32074488
32074458
32074423
32074342
32074270
32074214
32074134
32074065
32074019
32073998
32073902
32073889
32073878
32073729
32073681
32073646
32073511
32073457
32073434
32073407
32073406
32073399
32073398
32073333
32073295
32073254
32073219
32073192
32073164
32073155
32073154
32073147
32072993
32072921
32072904
32072896
32072847
32072793
32072755
32072716
32072684
32072667
32072649
32072624
32072595
32072503
32072502
32072501
32072499
32072496
32072495
32072478
32072403
32072341
32072336
32072283
32072214
32072169
32072167
32072149
32072138
32072083
32072079
32072024
32071971
32071968
32071945
32071928
32071926
32071844
32071842
32071838
32071837
32071835
32071834
32071833
32071808
32071790
32071775
32071644
32071615
32071555
32071505
32071504
32071497
32071439
32071437
32071409
32071392
32071364
32071354
32071345
32071341
32071333
32071323
32071315
32071305
32071302
32071296
32071290
32071273
32071271
32071266
32071242
32071240
32071239
32071231
32071228
32071223
32071208
32071206
32071196
32071195
32071194
32071193
32071146
32071048
32071012
32070917
32070912
32070786
32070725
32070720
32070688
32070632
32070513
32070442
32070418
32070412
32070364
32070248
32070236
32070201
32070066
32070062
32070024
32070012
32069894
32069872
32069871
32069833
32069802
32069775
32069766
32069763
32069755
32069638
27466641
32069521
32069517
32069490
32069464
32069455
32069434
32069430
32069381
32069379
32069328
32069320
32069285
32069266
32069241
32069237
32069232
32069217
32069214
32069052
32068947
32068931
32068920
32068882
32068872
32068838
32068834
32068819
32068818
32068817
32068812
32068798
32068651
32068615
32068529
32068494
32068487
32068378
32068377
32068376
32068371
32068369
32068314
32068302
32068297
32068295
32068253
32068240
32068234
32068111
32068110
32068088
32068062
32068045
32068001
32068000
32067994
32067969
32067842
32067825
32067693
32067679
32067677
32067617
32067556
32067436
32067431
32067427
32067425
32067424
32067420
32067411
32067349
32067264
32067224
32067223
32067160
32067110
32067109
32067104
32067044
32067018
32066997
32066986
32066957
32066950
32066938
32066934
32066933
32066916
32066915
32066900
32066879
32066875
32066871
32066870
32066866
32066856
32066831
32066829
32066793
32066785
32066731
32066727
32066722
32066719
32066715
32066696
32066695
32066691
32066688
32066683
32066678
32066677
32066673
32066670
32066667
32066665
32066663
32066660
32066658
32066657
32066646
32066639
32066632
32066631
32066630
32066618
32066611
32066568
32066534
32066524
32066514
32066503
32066500
32066491
32066479
32066472
32066462
32066441
32066437
32066420
32066403
32066398
32066370
32066369
32066367
32066268
32066109
32066079
32066000
32065989
32065948
32065798
32065789
32065737
32065705
32065674
32065668
32065661
32065639
32065619
32065591
32065583
32065581
32065579
32065515
32065501
32065455
32065419
32065396
32065373
32065333
32065290
32065256
32065252
32065241
32065238
32065234
32065167
32065159
32065108
32065051
32065038
32064992
32064953
32064906
32064904
32064807
32064789
32064787
32064757
32064751
32064741
32064703
32064700
32064677
32064649
32064623
32064614
32064608
32064599
32064596
32064542
32064518
32064511
32064504
32064362
32064341
32064340
32064334
32064321
32064277
32064237
32064166
32064156
32064123
32064119
32064069
32064047
32063998
32063912
32063903
32063892
32063882
32063866
32063835
32063575
32063569
32063558
32063520
32063515
32063424
32063406
32063397
32063378
32063375
32063316
32063293
32063240
32063235
32063091
32063030
32062959
32062928
32062927
32062888
32062881
32062814
32062772
32062747
32062709
32062707
32062700
32062628
32062565
32062563
32062421
32062333
32062323
32062310
32062304
32062289
32062178
32062154
32062153
32062130
32062129
32062111
32062046
32062033
32062012
32062004
32061934
32061928
32061915
32061895
32061883
32061855
32061839
32061827
32061812
32061805
32061804
32061778
32061763
32061710
32061665
32061639
32061619
32061499
32061495
32061454
32061380
32061372
32061340
32061320
32061305
32061290
32061273
32061177
32061169
32061155
32061154
32061142
32061128
32061125
32061084
32061018
32061011
32060967
32060961
32060960
32060934
32060908
32060892
32060885
32060876
32060871
32060861
32060815
32060737
32060721
32060697
32060685
32060684
32060661
32060650
32060643
32060628
32060626
32060620
32060574
32060556
32060513
32060489
32060392
32060321
32060311
32060290
32060277
32060262
32060226
32060129
32060067
32060066
32060065
32060047
32060037
32060018
32059959
32059951
32059795
32059779
32059776
32059774
32059762
32059760
32059745
32059717
32059713
32059710
32059681
32059671
32059637
32059547
32059513
32059470
32059434
32059350
32059228
32059176
32059132
32059087
32059031
32059027
32059009
32058988
32058973
32058967
32058948
32058929
32058867
32058723
32058670
32058622
32058618
32058610
32058561
32058540
32058431
32058311
32058310
32058299
32058294
32058279
32058259
32058178
32058099
32058063
32058062
32058060
32058042
32058015
32057964
32057943
32057915
32057913
32057911
32057798
32057732
32057721
32057717
32057464
32057405
32057306
32057305
32057297
32057294
32057284
32057282
32057194
32057145
32057044
32056953
32056936
32056925
32056912
32056871
32056845
32056771
32056714
32056579
32056511
32056509
32056496
32056457
32056394
32056389
32056343
32056287
32056271
32056260
32056235
32056211
32056192
32056175
32056149
32056145
32056141
32056110
32056098
32056073
32056039
32056021
32056000
32055999
32055998
32055997
32055952
32055942
32055852
32055823
32055803
32055744
32055712
32055709
32055659
32055654
32055643
32055608
32055602
32055445
32055413
32055407
32055294
32055246
32055241
32055212
32055132
32055051
32055034
32055015
32055014
32055008
32054973
32054931
32054925
32054924
32054898
32054878
32054870
32054850
32054838
32054830
32054826
32054783
32054769
32054700
32054689
32054688
32054687
32054657
32054655
32054604
32054529
32054519
32054475
32054437
32054372
32054361
32054265
32054232
32054227
32054206
32054201
32054191
32054185
32054181
32054161
32054127
32054092
32054070
32054043
32054038
32054029
32053980
32053970
32053959
32053920
32053901
32053891
32053880
32053826
32053824
32053817
32053782
32053781
32053705
32053688
32053669
32053646
32053607
32053597
32053588
32053511
32053407
32053311
32053310
32053299
32053267
32053231
32053224
32053204
32053193
32053108
32053083
32053037
32053016
32053005
32053004
32052945
32052928
32052892
32052854
32052833
32052832
32052743
32052695
32052596
32052544
32052497
32052462
32052405
32052380
32052252
32052251
32052250
32052194
32052166
32052140
32052127
32052053
32052037
32051809
32051759
32051696
32051617
32051612
32051610
32051609
32051598
32051591
32051586
32051562
32051560
32051555
32051549
32051548
32051547
32051521
32051508
32051478
32051469
32051442
32051427
32051414
32051406
32051402
32051370
32051366
32051348
32051341
32051336
32051284
32051268
32051258
32051257
32051256
32051228
32051221
32051193
32051104
32051092
32051083
32051081
32051016
32051002
32051000
32050993
32050974
32050971
32050959
32050935
32050932
32050925
32050918
32050907
32050906
32050893
32050885
32050884
32050882
32050879
32050877
32050876
32050875
32050874
32050842
32050832
32050810
32050794
32050713
32050680
32050674
32050672
32050665
32050613
32050609
32050589
32050573
32050517
32050495
32050491
32050484
32050371
32050368
32050258
32050150
32050038
32050028
32050025
32050023
32050020
32050009
32049993
32049950
32049827
32049807
32049798
32049793
32049790
32049783
32049654
32049641
32049586
32049582
32049580
32049522
32049421
32049412
32049405
32049367
32049305
32049297
32049274
32049268
32049195
32049136
32049053
32049047
32049044
32049041
32049036
32049013
32049002
32049001
32049000
32048992
32048991
32048983
32048973
32048962
32048891
32048867
32048731
32048492
32048458
32048457
32048431
32048394
32048374
32048369
32048336
32048324
32048239
32048126
32048120
32048106
32048105
32048093
32048056
32047948
32047938
32047922
32047897
32047873
32047727
32047723
32047660
32047657
32047652
32047651
32047639
32047638
32047621
32047551
32047534
32047512
32047510
32047500
32047498
32047438
32047287
32047269
32047268
32047266
32047264
32047236
32047224
32047223
32047215
32047203
32047167
32047164
32047134
32047131
32047096
32047095
32047073
32047040
32047037
32047033
32047005
32046981
32046934
32046906
32046877
32046792
32046770
32046769
32046761
32046759
32046750
32046716
32046680
32046633
32046553
32046535
32046534
32046427
32046414
32046402
32046400
32046397
32046392
32046357
32046294
32046287
32046285
32046275
32046213
32046212
32046210
32046208
32046132
32046063
32046053
32046051
32046043
32045989
32045984
23805436
20301736
26389227
32045933
32045910
32045885
32045877
32045872
32045820
32045777
32045731
32045705
32045704
32045645
32045479
32045478
32045476
32045462
32045455
32045423
32045412
32045383
32045365
32045361
32045347
32045275
32045119
32045015
32044988
32044918
32044689
32044685
32044643
32044623
32044590
32044576
32044554
32044442
32044407
32044394
32044375
32044348
32044308
32044282
32044265
32044204
32044136
32044106
32044098
32044092
32044028
32043983
32043974
32043971
32043965
32043952
32043837
32043836
32043778
32043776
32043733
32043633
32043619
32043600
32043598
32043565
32043564
32043524
32043463
32043462
32043453
32043419
32043414
32043409
32043372
32043184
32043168
32042921
32042919
32042914
32042913
32042910
32042909
32042908
32042906
32042905
32042904
32042895
32042851
32042831
32042814
32042805
32042638
32042592
32042554
32042548
32042537
32042491
32042480
32042422
32042366
32042320
32042317
32042316
32042315
32042312
32042200
32042196
32042192
32042191
32042188
32042180
32042177
32042169
32042167
32042158
32042156
32042154
32042152
32042151
32042112
32042094
32042083
32042082
32042070
32042067
32042050
32042037
32042030
32042022
32042005
32042001
32041996
32041992
32041981
32041960
32041957
32041948
32041943
32041901
32041891
32041882
32041873
32041869
32041867
32041836
32041821
32041788
32041755
32041727
32041713
32041683
32041682
32041649
32041648
32041641
32041611
32041603
32041565
32041551
32041544
32041528
32041518
32041503
32041377
32041354
32041314
32041306
32041215
32041197
32041179
32041143
32041078
32040961
32040855
32040850
32040826
32040803
32040801
32040783
32040770
32040764
32040722
32040712
32040676
32040675
32040628
32040615
32040610
32040594
32040582
32040579
32040566
32040565
32040561
32040547
32040538
32040509
32040488
32040484
32040482
32040445
32040442
32040413
32040382
32040377
32040351
32040342
32040336
32040264
32040237
32040213
32040196
32040187
32040186
32040173
32040165
32040156
32039982
32039915
32039859
32039858
32039835
32039826
32039825
32039822
32039809
32039787
32039744
32039742
32039725
32039714
32039712
32039703
32039702
32039701
32039700
32039698
32039694
32039664
32039643
32039628
32039626
32039553
32039535
32039533
32039494
32039470
32039448
32039443
32039390
32039385
32039382
32039316
32039286
32039266
32039240
32039235
32039188
32039179
32039147
32039119
32039044
32039031
32039030
32039026
32039022
32039011
32038997
32038966
32038964
32038931
32038896
32038886
32038732
32038731
32038719
32038717
32038716
32038711
32038701
32038700
32038686
32038681
32038678
32038670
32038668
32038666
32038650
32038633
32038592
32038578
32038570
32038540
32038525
32038487
32038308
32038292
32038289
32038270
32038109
32038105
32038044
32038030
32037979
32037961
32037923
32037907
32037888
32037776
32037722
32037697
32037693
32037650
32037647
32037607
32037598
32037590
32037575
32037566
32037563
32037535
32037476
32037472
32037459
32037455
32037451
32037446
32037441
32037398
32037394
32037173
32037166
32037152
32037144
32037100
32037099
32037081
32037035
32037011
32037010
32036969
32036968
32036912
32036907
32036847
32036845
32036804
32036791
32036589
32036581
32036580
32036573
32036544
32036485
32036428
32036361
32036340
32036337
32036301
32036300
32036295
32036250
32036200
32036152
32036151
32036094
32036093
32036090
32036084
32036075
32036056
32035992
32035947
32035946
32035923
32035866
32035846
32035735
32035619
32035487
32035376
32035367
32035311
32035282
32035223
32035189
32035178
32035158
32035155
32035127
32035119
32035111
32035103
32035058
32035037
32035028
32035020
32035015
32034941
32034894
32034893
32034888
32034824
32034791
32034789
32034777
32034767
32034756
32034755
32034753
32034749
32034748
32034747
32034746
32034745
32034744
32034743
32034742
32034741
32034740
32034739
32034738
32034737
32034736
32034735
32034734
32034733
32034732
32034718
32034699
32034685
32034667
32034654
32034646
32034628
32034626
32034543
32034483
32034473
32034425
32034419
32034402
32034376
32034319
32034313
32034299
32034292
32034290
32034285
32034279
32034250
32034248
32034223
32034218
32034176
32034166
32034163
32034142
32034129
32034125
32034123
32034102
32034100
32034094
32034066
32034059
32034058
32034056
32034051
32034046
32034045
32034044
32034041
32034038
32034034
32034016
32034004
32033992
32033968
32033965
32033960
32033925
32033912
32033911
32033866
32033842
32033836
32033633
32033622
32033618
32033589
32033562
32033538
32033536
32033534
32033528
32033524
32033497
32033490
32033482
32033475
32033434
32033431
32033422
32033356
32033346
32033288
32033279
32033278
32033262
32033219
32033218
32033215
32033213
32033187
32033163
32033161
32033143
32033141
32033138
32033115
32033113
32033108
32033035
32032999
32032968
32032967
32032966
32032931
32032914
32032910
32032890
32032779
32032745
32032743
32032731
32032730
32032728
32032637
32032633
32032630
32032617
32032586
32032580
32032554
32032552
32032550
32032549
32032546
32032516
32032514
32032513
32032507
32032478
32032466
32032385
32032359
32032354
32032290
32032261
32032242
32032239
32032238
32031967
32031911
32031899
32031760
32031738
32031697
32031640
32031622
32031589
32031549
32031521
32031509
32031492
32031475
32031437
32031351
32031337
32031333
32031330
32031328
32031266
32031242
32031213
32031066
32030995
32030994
32030975
32030907
32030883
32030882
32030873
32030869
32030867
32030847
32030812
32030802
32030798
32030791
32030781
32030779
32030760
32030742
32030715
32030673
32030652
32030599
32030560
32030510
32030508
32030467
32030456
32030455
32030369
32030327
32030325
32030106
32030016
32029999
32029971
32029922
32029921
32029904
32029903
32029901
32029897
32029893
32029884
32029882
32029874
32029870
32029861
32029845
32029782
32029763
32029757
32029747
32029744
32029743
32029736
32029734
32029721
32029705
32029694
32029628
32029600
32029596
32029588
32029580
32029579
32029578
32029571
32029569
32029566
32029556
32029541
32029529
32029510
32029509
32029480
32029477
32029458
32029452
32029443
32029431
32029420
32029353
32029263
32029228
32029221
32029191
32029163
32029136
32029130
32028992
32028988
32028929
32028920
32028915
32028848
32028846
32028812
32028786
32028709
32028677
32028668
32028661
32028641
32028632
32028618
32028617
32028613
32028596
32028575
32028407
32028392
32028234
32028200
32028088
32028069
32028054
32028050
32028049
32028043
32028042
32028036
32028027
32027955
32027948
32027942
32027880
32027857
32027834
32027831
32027825
32027801
32027768
32027727
32027685
32027675
32027645
32027574
32027528
32027498
32027427
32027419
32027371
32027367
32027362
32027322
32027306
32027293
32027278
32027277
32027274
32027271
32027270
32027266
32027265
32027264
32027263
32027261
32027259
32027256
32027254
32027253
32027251
32027250
32027249
32027248
32027246
32027245
32027148
32027080
32027075
32027066
32027017
32026949
32026837
32026810
32026800
32026794
32026791
32026723
32026663
32026589
32026557
32026534
32026416
32026322
32026316
32026292
32026200
32026128
32026073
32026000
32025959
32025909
32025908
32025907
32025882
32025859
32025783
32025782
32025735
32025734
32025719
32025680
32025649
32025645
32025618
32025547
32025536
32025511
32025476
32025365
32025337
32025336
32025334
32025318
32025286
32025251
32025240
32025237
32025209
32025181
32025167
32025034
32025032
32025029
32025026
32025018
32025015
32025013
32025004
32025003
32025001
32024998
32024987
32024983
32024982
32024964
32024963
32024958
32024941
32024917
32024900
32024879
32024875
32024860
32024857
32024849
32024846
32024834
32024833
32024830
32024828
32024819
32024818
32024802
32024767
32024766
32024762
32024701
32024700
32024696
32024661
32024655
32024640
32024623
32024572
32024560
32024511
32024464
32024452
32024448
32024431
32024408
32024404
32024384
32024378
32024319
32024318
32024259
32024254
32024251
32024218
32024211
32024176
32024174
32024172
32024143
32024111
32024079
32024050
32023950
32023939
32023921
32023869
32023857
32023844
32023831
32023794
32023774
32023767
32023766
32023765
32023759
32023742
32023713
32023707
32023706
32023552
32023483
32023470
32023468
32023465
32023459
32023458
32023457
32023454
32023432
32023420
32023374
32023328
32023293
32023287
32023229
32023173
32022998
32022979
32022972
32022966
32022960
32022953
32022936
32022899
32022853
32022848
32022810
32022801
32022782
32022753
32022720
32022671
32022663
32022660
32022644
32022503
32022484
32022473
32022471
32022462
32022442
32022432
32022429
32022423
32022405
32022401
32022400
32022391
32022389
32022365
32022336
32022328
32022309
32022273
32022266
32022261
32022226
32022225
32021971
32021940
32021933
32021830
32021824
32021737
32021695
32021657
32021644
32021610
32021609
32021607
32021606
32021605
32021603
32021601
32021600
32021598
32021597
32021469
32021452
32021379
32021365
32021228
32021224
32021198
32021174
32020910
32020839
32020788
32020700
32020694
32020616
32020611
32020597
32020566
32020511
32020508
32020413
32020407
32020401
32020378
32020337
32020249
32020248
32020238
32020227
32020225
32020221
32020156
32020125
32020120
32020054
32020047
32020044
32020041
32020016
32020014
32020010
32019989
32019977
32019955
32019931
32019919
32019902
32019880
32019874
32019855
32019848
32019838
32019810
32019805
32019804
32019802
32019798
32019797
32019792
32019737
32019665
32019662
32019660
32019606
32019546
32019532
32019516
32019493
32019465
32019385
32019381
32019272
32019227
32019224
32019196
32019188
32019139
32019081
32018979
32018941
32018348
32018207
32018107
32018033
32018027
32017997
32017926
32017920
32017914
32017898
32017897
32017878
32017858
32017842
32017768
32017710
32017676
32017671
32017616
32017574
32017526
32017483
32017477
32017463
32017444
32017362
32017318
32017222
32017190
32017189
32017179
32017139
32017050
32017021
32017015
32017012
32017008
32016944
32016942
32016851
32016808
32016801
32016798
32016693
32016675
32016663
32016651
32016633
32016567
32016547
32016546
32016527
32016473
32016421
32016411
32016392
32016383
32016380
32016360
32016320
32016305
32016207
32016144
32016059
32016004
32015955
32015953
32015932
32015859
32015850
32015832
32015826
32015693
32015664
32015554
32015553
32015552
32015548
32015547
32015540
32015538
32015527
32015526
32015466
32015465
32015439
32015424
32015419
32015378
32015346
32015344
32015339
32015334
32015326
32015323
32015208
32015180
32015133
32015118
32015100
32015099
32015097
32015087
32015062
32015054
32015019
32015018
32015000
32014996
32014962
32014946
32014940
32014922
32014915
32014914
32014912
32014911
32014910
32014908
32014906
32014905
32014904
32014901
32014900
32014899
32014895
32014867
32014866
32014865
32014863
32014858
32014856
32014855
32014853
32014848
32014844
32014824
32014822
32014788
32014740
32014698
32014647
32014527
32014523
32014492
32014489
32014463
32014331
32014274
32014255
32014083
32014077
32014062
32014045
32014024
32013889
32013862
32013858
32013857
32013831
32013828
32013807
32013731
32013676
32013665
32013621
32013314
32013268
32013263
32013256
32013254
32013236
32013234
32013229
32013205
32013193
32013179
32013177
32013156
32013093
32013077
32013076
32013057
32013036
32013026
32012997
32012981
32012953
32012938
32012884
32012853
32012796
32012790
32012743
32012729
32012706
32012697
32012694
32012687
32012659
32012655
32012497
32012460
32012420
32012419
32012413
32012402
32012400
32012395
32012393
32012381
32012328
32012282
32012248
32012234
32012230
32012164
32012152
32012149
32012148
32012137
32012051
32011920
32011914
32011832
32011831
32011808
32011704
32011695
32011673
32011655
32011520
32011516
32011515
32011509
32011499
32011487
32011476
32011454
32011450
32011449
32011436
32011434
32011236
32011208
32011203
32011160
32011110
32011105
32011004
32010941
32010893
32010779
32010708
32010688
32010644
32010639
32010615
32010578
32010537
32010496
32010484
32010473
32010441
32010357
32010272
32010260
32010257
32010222
32010193
32010192
32010185
32010183
32010181
32010180
32010174
32010166
32010139
32010131
32010067
32010046
32010037
32009940
32009921
32009791
32009790
32009660
32009622
32009526
32009524
32009523
32009521
32009452
32009446
32009416
32009414
32009392
32009323
32009319
32009302
32009293
32009292
32009252
32009239
32009231
32009225
32009222
32009195
32009143
32009080
32009079
32008974
32008963
32008941
32008911
32008795
32008779
32008757
32008745
32008739
32008738
32008733
32008732
32008640
32008638
32008587
32008577
32008536
32008433
32008406
32008387
32008360
32008358
26389210
32008204
32008155
32008151
32008135
32008118
32008102
32008085
32008056
32007997
32007953
32007927
32007763
32007756
32007686
32007682
32007673
32007586
32007581
32007553
32007537
32007496
32007453
32007429
32007367
32007358
32007350
32007334
32007302
32007292
32007290
32007221
32007170
32007145
32007140
32007091
32006894
32006892
32006716
32006685
32006654
32006604
32006593
32006592
32006563
32006558
32006533
32006527
32006388
32006360
32006359
32006358
32006357
32006356
32006355
32006353
32006205
32006190
32006128
32006098
32006019
32006000
32005987
32005960
32005944
32005940
32005911
32005903
32005880
32005828
32005821
32005800
32005798
32005783
32005748
32005747
32005740
32005734
32005715
32005714
32005708
32005695
32005666
32005665
32005656
32005655
32005650
32005615
32005611
32005562
32005553
32005524
32005493
32005399
32005398
32005390
32005384
32005381
32005379
32005375
32005345
32005293
32005245
32005221
32005174
32005173
32005172
32005145
32005101
32005099
32005022
32004923
32004793
32004756
32004755
32004730
32004728
32004679
32004563
32004544
32004531
32004508
32004492
32004479
32004456
32004453
32004450
32004448
32004447
32004446
32004445
32004404
32004401
32004385
32004343
32004313
32004174
32004102
32004094
32004091
32003983
32003824
32003821
32003796
32003791
32003784
32003746
32003691
32003688
32003685
32003586
32003537
32003533
32003477
32003422
32003356
32003254
32003208
32003190
32003182
32003178
32003172
32003167
32003155
32003128
32003121
32003101
32003074
32003057
32003046
32003022
32003011
32002990
32002976
32002945
32002924
32002816
32002800
32002772
32002757
32002751
32002727
32002723
32002722
32002713
32002712
32002680
32002667
32002665
32002654
32002650
32002613
32002573
32002517
32002449
32002375
32002328
32002302
32002279
32002278
32002171
32001929
32001840
32001819
32001805
32001796
32001775
32001750
32001749
32001747
32001716
32001714
32001709
32001694
32001692
32001685
32001677
32001673
32001669
32001654
32001615
32001554
32001553
32001526
32001525
32001521
32001505
32001491
32001486
32001439
32001438
32001386
32001373
32001359
32001325
32001304
32001303
32001274
32001261
32001260
32001259
32001243
32001171
32001160
32001152
32001144
32001098
32001066
32000992
32000991
32000923
32000922
32000920
32000869
