32142222
32141953
32141941
32141809
32141716
32141574
32141572
32141571
32141553
32141538
32141531
32141530
32141527
32141512
32141492
32141429
32141421
32141394
32141326
32141313
32141118
32141026
32141012
32140747
32140736
32140709
32140659
32140648
32140625
32140451
32140403
32140394
32140392
32140390
32140387
32140288
32140266
32140159
32140098
32140078
32140069
32139897
32139876
32139841
32139792
32139778
32139770
32139711
32139660
32139602
32139509
32139477
32139435
32139432
32139423
32139393
32139300
32139298
32139271
32139146
32138778
32138661
32138578
32138541
32138539
32138327
32138321
32138302
32138279
32138196
32138169
32135623
32135404
32135383
32135301
32135249
32135189
32135123
32135122
32135034
32135008
32134924
32134862
32134755
32134522
32134507
32134471
32134451
32134397
32134201
32134197
32133995
32133736
32133706
32133702
32133639
32133571
32133418
32133407
32133359
32133294
32133285
32133284
32133282
32133252
32133069
32133059
32133047
32133046
32133012
32133004
32132931
32132891
32132875
32132835
32132707
32132651
32132574
32132320
32132319
32132313
32132236
32132171
32132106
32132091
32132038
32132036
32132034
32132025
32131965
32131874
32131762
32131714
32131672
32131668
32131560
32131554
32131527
32131519
32131507
32131443
32131429
32131390
32131360
32131351
32131347
32131290
32131283
32131278
32131274
32131272
32131129
32130975
32130964
32130941
32130916
32130890
32130880
32130676
32130369
32130260
32130250
32130226
32130072
32130030
32129931
32129890
32129820
32129764
32129703
32129566
32129512
32129367
32129348
32129275
32129124
32129093
32128992
32128711
32128622
32128399
32128390
32128389
32128386
32128359
32128278
32128100
32128091
32128072
32127952
32127951
32127946
32127933
32127932
32127924
32127912
32127788
32127696
32127652
32127639
32127618
32127537
32127497
32127496
32127472
32127467
32127445
32127406
32127357
32127173
32127169
32127012
32126774
32126566
32126558
32126452
32126390
32126313
32126236
32126199
32126198
32126150
32126142
32126127
32126118
32126012
32125994
32125908
32125853
32125821
32125767
32125765
32125731
32125649
32125627
32125625
32125560
32125558
32125494
32125423
32125365
32125271
32125249
32125086
32125033
32124968
32124961
32124958
32124954
32124952
32124951
32124949
32124946
32124939
32124937
32124713
32124699
32124532
32124438
32124434
32124390
32124386
32124237
32124230
32124153
32124033
32124010
32123907
32123862
32123859
32123756
32123582
32123579
32123546
32123493
32123306
32123305
32123303
32123301
32123243
32123210
32123188
32123097
32123010
32122992
32122972
32122955
32122945
32122926
32122673
32122165
32121597
32121588
32121587
32121559
32121557
32121537
32121469
32121434
32121405
32121388
32121279
32121246
32121228
32121035
32120837
32120833
32120776
32120382
32120359
32120325
32120262
32120172
32120136
32120135
32120079
32119997
32119952
32119950
32119945
32119761
32119750
32119740
32119713
32119132
32119118
32118793
32118733
32118703
32118628
32118494
32118029
32117986
32117984
32117973
32117957
32117942
32117858
32117824
32117792
32117773
32117772
32117720
32117712
32117704
32117639
32117601
32117586
32117387
32117365
32117334
32117321
32117320
32117285
32117245
32117235
32117230
32117121
32117081
32116786
32116781
32116778
32116753
32116751
32116722
32116715
32116711
32116688
32116659
32116655
32116652
32116640
32116553
32116427
32116242
32116203
32116095
32116088
32116070
32116062
32115946
32115910
32115909
32115889
32115771
32115754
32115621
32115531
32115529
32115526
32115502
32115500
32115452
32115365
32114698
32114591
32114569
32114507
32114502
32114448
32114447
32114444
32114443
32114441
32114439
32114437
32114436
32114433
32114363
32114309
32114297
32114282
32113953
32113874
32113851
32113830
32113707
32113687
32113684
32113680
32113673
32113179
32113126
32113081
32113062
32113049
32112997
32112987
32112978
32112927
32112892
32112869
32112850
32112713
32112646
32112551
32112445
32112401
32112362
32112300
32112275
32112257
32112176
32112175
32112145
32111982
32111827
32111765
32111748
32111743
32111741
32111724
32111700
32111670
32111652
32111605
32111521
32111501
32111490
32111432
32111354
32111168
32111106
32111101
32111089
32110995
32110969
32110948
32110828
32110807
32110660
32110554
32110512
32110454
32110386
32110356
32110286
32110277
32110209
32110208
32110103
32110102
32110093
32110059
32110054
32110053
32110052
32110051
32110049
32110010
32109885
32109716
32109654
32109626
32109623
32109580
32109550
32109532
32109506
32109490
32109484
32109480
32109396
32109385
32109370
32109341
32109179
32109159
32109147
32108939
32108931
32108722
32108663
32108600
32108448
32108430
32108411
32108376
32108342
32108298
32108293
32108249
32108145
32108133
32108024
32107701
32107533
32107467
32107409
32107308
32107274
32107212
32107104
32107100
32107074
32107072
32106831
32106804
32106802
32106727
32106718
32106627
32106617
32106572
32106561
32106527
32106493
32106398
32106380
32106379
32106377
32106375
32106370
32106368
32106366
32106337
32106243
32106116
32106109
32106037
32105834
32105829
32105826
32105813
32105765
32105687
32105670
32105664
32105567
32105317
32105156
32105149
32105074
32104981
32104972
32104547
32104537
32104508
32104500
32104498
32104299
32104293
32104290
32104279
32104276
32104274
32104271
32104269
32104259
32104251
32104247
32104238
32104235
32104234
32104233
32104223
32104199
32104175
32104129
32104080
32104071
32103995
32103897
32103872
32103869
32103721
32103628
32103600
32103588
32103583
32103551
32103527
32103519
32103499
32103377
32103174
32103135
32103062
32103024
32102990
32102971
32102969
32102897
32102783
32102775
32102753
32102624
32102612
32102522
32102519
32102502
32102425
32102381
32102366
32102332
32102330
32102326
32102312
32102213
32102173
32102134
32102128
32101975
32101894
32101891
32101878
32101876
32101830
32101773
32101753
32101748
32101747
32101678
32101677
32101676
32101675
32101625
32101613
32101576
32101485
32101481
32101394
32101380
32101357
32101345
32101300
32101294
32101030
32100928
32100885
32100852
32100585
32100373
32100250
32100248
32100240
32100164
32100146
32099983
32099899
32099598
32099558
32099552
32099464
32099405
32099332
32099075
32099031
32099025
32099015
32099011
32098961
32098914
32098904
32098874
32098857
32098826
32098814
32098783
32098768
32098588
32098557
32098494
32098455
32098410
32098370
32098337
32098116
32097973
32097969
32097841
32097667
32097657
32097620
32097602
32097584
32097114
32097101
32097085
32096917
32096914
32096813
32096794
32096779
32096765
32096743
32096671
32096633
32096606
32096468
32096322
32096202
32096201
32096198
32096195
32096189
32096184
32096172
32096162
32096156
32096051
32095918
32095902
32095892
32095863
32095734
32095692
32095688
32095654
32095613
32095296
32095229
32095167
32095163
32095094
32095071
32095047
32094923
32094501
32094466
32094324
32094301
32094286
32094228
32094226
32094205
32094147
32093861
32093851
32093849
32093838
32093809
32093716
32093644
32093631
32093629
32093623
32093570
32093544
32093456
32093452
32093370
32093357
32093300
32093294
32093293
32093285
32093255
32093229
32093152
32093146
32093126
32093124
32093123
32093103
32093102
32092951
32092940
32092937
32092921
32092902
32092879
32092815
32092594
32092587
32092437
32092309
32092300
32092215
32092141
32092139
32091964
32091576
32091467
32091387
32091335
32091334
32091206
32091130
32090865
32090683
32090605
32090490
32090454
32090372
32090355
32090125
32089909
32089908
32089875
32089779
32089749
32089736
32089716
32089708
32089685
32089670
32089266
32089086
32088828
32088730
32088638
32088603
32088528
32088495
32088394
32088316
32088298
32088293
32088265
32088246
32088215
32088186
32088151
32087966
32087964
32087947
32087919
32087850
32087766
32087740
32087716
32087611
32087536
32087416
32087348
32087304
32087286
32087280
32087034
32086955
32086952
32086884
32086846
32086760
32086725
32086626
32086387
32086379
32086378
32086377
32086281
32085971
32085964
32085962
32085898
32085894
32085881
32085805
32085796
32085792
32085735
32085696
32085646
32085572
32085444
32085431
32085414
32085409
32085406
32085326
32085025
32084650
32084531
32084465
32084408
32084386
32084384
32084382
32084352
32084349
32084275
32084002
32083997
32083995
32083858
32083807
32083806
32083756
32083752
32083726
32083640
32083584
32083568
32083406
32083398
32083304
32083234
32083180
32083171
32083076
32082999
32082979
32082974
32082692
32082673
32082576
32082541
32082487
32082480
32082476
32082394
32082384
32082362
32082337
32082323
32082304
32082291
32082272
32082187
32082170
32082134
32082121
32082120
32082104
32082101
32082080
32082075
32081899
32081879
32081857
32081791
32081748
32081561
32081549
32081435
32081430
32081258
32081030
32080982
32080977
32080912
32080788
32080344
32080296
32080265
32080264
32080237
32080171
32080141
32080113
32080075
32079844
32079772
32079743
32079667
32079522
32079517
32079455
32079445
32079311
32079307
32079242
32079229
32079226
32079098
32079097
32078993
32078847
32078759
32078667
32078472
32078465
32078434
32078403
32078387
32078386
32078368
32078221
32078113
32077993
32077837
32077763
32077699
32077636
32077495
32077346
32077340
32077241
32077156
32077149
32076827
32076796
32076705
32076619
32076429
32076270
32076076
32076044
32076015
32075988
32075957
32075943
32075942
32075941
32075913
32075909
32075767
32075762
32075738
32075732
32075731
32075716
32075690
32075681
32075643
32075509
32075502
32075478
32075471
32075453
32075424
32075353
32075287
32075227
32075221
32075106
32075060
32074971
32074969
32074942
32074736
32074729
32074724
32074500
32074489
32074423
32074339
32074278
32074227
32074185
32074133
32074131
32074087
32074005
32073992
32073987
32073783
32073747
32073681
32073511
32073406
32073317
32073140
32072786
32072673
32072644
32072631
32072500
32072499
32072406
32072404
32072232
32072193
32072192
32072182
32072180
32072161
32072069
32072024
32072001
32071982
32071911
32071896
32071787
32071782
32071710
32071709
32071557
32071431
32071324
32071294
32071289
32071284
32071170
32071145
32071086
32071079
32070918
32070713
32070444
32070424
32070368
32070265
32070235
32070194
32070154
32070055
32070042
32070031
32070026
32070020
32069969
32069845
32069843
32069833
32069774
20301573
32069471
32069429
32069425
32069401
32069394
32069378
32069373
32069355
32069320
32069266
32069041
32069020
32068949
32068947
32068926
32068900
32068794
32068788
32068720
32068648
32068606
32068318
32068297
32068261
32068238
32068160
32068119
32068082
32068073
32068004
32067951
32067915
32067738
32067719
32067679
32067575
32067560
32067534
32067528
32067289
32067279
32067270
32067263
32067259
32067230
32067197
32067159
32067111
32067072
32067069
32066940
32066931
32066867
32066854
32066817
32066809
32066763
32066757
32066688
32066597
32066583
32066476
32066466
32066461
32066284
32065973
32065951
32065921
32065797
32065759
32065743
32065729
32065668
32065643
32065618
32065443
32065351
32065272
32065262
32065230
32065229
32065217
32065210
32065092
32065089
32065066
32065021
32064963
32064922
32064884
32064872
32064794
32064696
32064649
32064614
32064608
32064588
32064580
32064571
32064499
32064488
32064397
32064372
32064235
32064171
32064167
32064166
32064153
32064136
32064108
32064021
32063982
32063933
32063902
32063860
32063765
32063752
32063713
32063712
32063702
32063604
32063450
32063345
32063060
32063058
32062975
32062889
32062882
32062881
32062751
32062733
32062649
32062583
32062493
32062451
32062377
32062358
32062328
32062292
32062146
32062074
32062061
32062035
32061959
32061949
32061938
32061928
32061922
32061885
32061800
32061787
32061774
32061728
32061681
32061670
32061660
32061562
32061436
32061290
32061289
32061255
32061187
32061171
32061153
32061152
32060903
32060892
32060889
32060884
32060867
32060861
32060857
32060646
32060615
32060587
32060554
32060423
32060403
32060399
32060372
32060361
32060258
32060250
32060175
32060126
32060106
32060095
32060028
32059997
32059926
32059849
32059808
32059766
32059760
32059717
32059638
32059483
32059449
32059441
32059434
32059383
32059335
32059197
32059187
32059183
32059174
32059119
32059017
32058927
32058903
32058713
32058619
32058372
32058239
32058176
32058163
32058103
32058099
32058097
32058064
32058049
32058027
32057960
32057953
32057949
32057930
32057900
32057805
32057715
32057524
32057519
32057465
32057293
32057291
32057269
32057254
32057180
32057102
32057093
32057057
32057052
32057039
32056985
32056982
32056785
32056708
32056660
32056554
32056522
32056516
32056474
32056453
32056430
32056369
32056354
32056304
32056303
32056265
32056262
32056089
32056006
32055997
32055849
32055827
32055714
32055675
32055639
32055596
32055391
32055281
32055278
32055239
32055224
32055119
32055112
32054943
32054837
32054832
32054826
32054790
32054780
32054769
32054731
32054565
32054489
32054454
32054419
32054412
32054411
32054410
32054382
32054305
32054204
32054125
32054116
32054096
32054064
32054011
32053992
32053979
32053969
32053964
32053943
32053935
32053876
32053815
32053767
32053675
32053662
32053588
32053305
32053286
32053275
32053229
32053194
32053088
32053087
32053086
32053080
32053071
32052889
32052681
32052562
32052470
32052456
32052450
32052437
32052257
32052226
32052090
32052028
32051955
32051950
32051836
32051793
32051750
32051743
32051736
32051695
32051682
32051584
32051554
32051533
32051531
32051529
32051510
32051483
32051439
32051435
32051414
32051399
32051380
32051249
32051230
32051226
32051094
32051088
32051018
32050918
32050894
32050835
32050817
32050765
32050722
32050659
32050658
32050651
32050617
32050604
32050589
32050516
32050491
32050056
32050040
32050025
32050020
32049957
32049882
32049783
32049584
32049564
32049330
32049290
32049134
32049049
32049046
32049035
32049032
32049015
32049010
32048982
32048968
32048898
32048886
32048878
32048820
32048803
32048771
32048762
32048761
32048692
32048621
32048305
32048304
32048260
32048257
32048159
32048128
32048083
32048061
32048058
32047966
32047914
32047750
32047721
32047658
32047615
32047557
32047552
32047535
32047443
32047439
32047249
32047216
32047167
32047117
32047115
32047110
32047085
32047050
32046944
32046856
32046841
32046712
32046706
32046601
32046510
32046445
32046440
32046375
32046373
32046372
32046336
32046194
32046180
32046116
32046115
32046108
32046099
32046090
32046061
32046043
32045997
32045987
32045946
32045846
32045770
32045637
32045600
32045538
32045514
32045479
32045478
32045141
32045083
32045054
32045011
32044995
32044971
32044914
32044881
32044796
32044736
32044726
32044724
32044666
32044644
32044604
32044543
32044397
32044374
32044322
32044319
32044300
32044173
32044149
32044034
32043967
32043868
32043823
32043789
32043758
32043754
32043710
32043707
32043704
32043676
32043619
32043507
32043504
32043298
32043283
32043218
32043174
32043022
32043019
32042960
32042954
32042865
32042816
32042799
32042798
32042774
32042682
32042586
32042554
32042433
32042425
32042368
32042328
32042322
32042300
32042115
32042098
32041947
32041944
32041943
32041920
32041905
32041901
32041849
32041835
32041789
32041631
32041578
32041571
32041543
32041519
32041324
32041182
32041138
32040962
32040844
32040827
32040807
32040695
32040565
32040554
32040547
32040545
32040544
32040528
32040351
32040256
32040016
32039845
32039768
32039744
32039732
32039671
32039486
32039472
32039235
32039209
32039207
32039027
32038991
32038921
32038919
32038747
32038722
32038715
32038671
32038633
32038615
32038591
32038573
32038500
32038277
32038255
32038252
32038242
32038241
32038240
32038237
32038175
32038160
32038117
32038114
32037974
32037949
32037909
32037846
32037842
32037761
32037698
32037659
32037626
32037602
32037545
32037516
32037512
32037480
32037456
32037450
32037372
32037305
32037304
32037174
32037157
32037095
32037087
32036895
32036783
32036697
32036696
32036474
32036454
32036294
32036221
32036218
32036089
32036069
32036038
32035987
32035932
32035919
32035879
32035863
32035750
32035657
32035621
32035614
32035298
32035215
32035144
32035133
32035061
32035058
32035020
32035001
32034940
32034900
32034812
32034799
32034768
32034715
32034714
32034713
32034711
32034708
32034646
32034605
32034563
32034313
32034310
32034309
32034239
32034213
32034205
32034172
32034161
32034154
32034139
32034138
32034120
32034118
32034110
32034099
32034085
32034073
32034035
32033996
32033984
32033941
32033937
32033611
32033594
32033486
32033461
32033443
32033440
32033421
32033319
32033264
32033247
32033228
32033220
32033217
32033205
32033142
32033079
32033060
32033048
32033037
32033033
32032967
32032914
32032912
32032891
32032812
32032735
32032722
32032665
32032660
32032659
32032656
32032652
32032636
32032622
32032583
32032578
32032548
32032547
32032493
32032466
32032379
32032285
32032283
32032230
32031964
32031889
32031801
32031762
32031701
32031693
32031573
32031432
32031333
32031322
32031202
32031129
32031115
32031074
32031069
32031067
32030957
32030920
32030856
32030816
32030757
32030688
32030687
32030685
32030684
32030635
32030565
32030510
32030477
32030451
32030419
32030273
32030265
32029897
32029896
32029634
32029622
32029621
32029577
32029570
32029513
32029507
32029502
32029440
32029318
32029304
32029299
32029276
32029270
32029226
32029037
32029032
32029028
32028929
32028909
32028905
32028820
32028818
32028750
32028718
32028692
32028654
32028611
32028590
32028545
32028528
32028278
32028186
32028183
32028072
32028017
32028016
32027948
32027876
32027846
32027762
32027752
32027602
32027543
32027515
32027502
32027454
32027418
32027339
32027303
32027299
32027272
32027268
32027267
32027266
32027264
32027262
32027261
32027260
32027259
32027258
32027255
32027249
32027247
32027127
32027103
32027086
32027084
32026788
32026480
32026468
32026267
32026180
32026157
32026128
32026050
32025868
32025827
32025680
32025610
32025609
32025607
32025520
32025514
32025490
32025485
32025363
32025342
32025207
32025206
32025205
32025027
32024978
32024956
32024889
32024827
32024820
32024694
32024692
32024555
32024428
32024237
32024211
32024191
32024069
32024067
32023946
32023850
32023819
32023816
32023774
32023768
32023765
32023733
32023730
32023729
32023726
32023698
32023616
32023602
32023596
32023576
32023558
32023553
32023483
32023466
32023458
32023262
32023076
32023074
32022929
32022898
32022690
32022503
32022484
32022476
32022429
32022417
32022400
32022397
32022375
32022307
32022225
32022118
32021990
32021971
32021895
32021862
32021859
32021610
32021525
32021502
32021448
32021432
32021426
32021375
32021302
32021281
32021254
32021102
32021096
32021086
32020874
32020870
32020710
32020707
32020686
32020642
32020629
32020613
32020591
32020589
32020553
32020530
32020377
32020234
32020227
32020222
32020212
32020106
32020001
32019972
32019925
32019921
32019905
32019904
32019887
32019798
32019797
32019723
32019701
32019603
32019580
32019517
32019516
32019420
32019403
32019271
32019168
32019152
32019108
32018209
32018052
32017977
32017970
32017934
32017920
32017889
32017888
32017846
32017710
32017701
32017592
32017533
32017400
32017350
32017318
32017310
32017264
32017081
32017072
32017071
32017069
32017059
32017058
32017044
32017040
32016997
32016990
32016974
32016960
32016885
32016850
32016844
32016810
32016794
32016793
32016637
32016634
32016608
32016480
32016478
32016471
32016470
32016459
32016458
32016456
32016455
32016453
32016450
32016419
32016368
32016283
32016168
32016157
32016154
32016152
32016117
32016114
32015973
32015826
32015692
32015686
32015681
32015677
32015544
32015510
32015509
32015442
32015349
32015344
32015155
32015077
32015046
32014999
32014967
32014962
32014943
32014940
32014925
32014917
32014907
32014906
32014905
32014679
32014673
32014633
32014631
32014566
32014540
32014500
32014454
32014448
32014443
32014436
32014348
32014148
32014061
32014019
32014006
32013905
32013861
32013835
32013821
32013726
32013718
32013702
32013669
32013232
32013196
32013157
32013090
32013014
32013013
32013011
32012988
32012890
32012817
32012737
32012723
32012688
32012654
32012463
32012444
32012432
32012403
32012267
32011906
32011832
32011729
32011717
32011652
32011618
32011537
32011533
32011523
32011517
32011516
32011515
32011514
32011468
32011450
32011440
32011367
32011366
32011361
32011193
32011024
32011004
32010945
32010883
32010791
32010718
32010696
32010684
32010646
32010591
32010589
32010586
32010575
32010569
32010564
32010562
32010479
32010469
32010420
32010368
32010341
32010323
32010315
32010279
32010277
32010276
32010270
32010264
32010259
32010247
32010245
32010092
32010046
32010037
32009983
32009962
32009900
32009824
32009817
32009812
32009799
32009784
32009762
32009599
32009586
32009528
32009527
32009414
32009412
32009326
32009322
32009123
32009119
32009115
32009106
32009081
32009032
32009006
32008925
32008903
32008775
32008732
32008673
32008585
32008472
32008465
32008291
32008115
32008084
32008001
32007961
32007728
32007723
32007708
32007602
32007598
32007504
32007387
32007269
32007128
32007102
32006899
32006823
32006744
32006713
32006664
32006616
32006571
32006569
32006564
32006534
32006533
32006532
32006529
32006524
32006464
32006420
32006348
32006301
32006253
32006119
32006031
32006013
32005962
32005922
32005917
32005795
32005752
32005751
32005716
32005679
32005669
32005655
32005391
32005383
32005379
32005261
32005253
32005236
32005144
32005121
32005065
32004987
32004927
32004866
32004754
32004617
32004572
32004563
32004528
32004486
32004446
32004441
32004431
32004428
32004387
32004099
32003970
32003758
32003702
32003683
32003672
32003668
32003592
32003560
32003547
32003485
32003321
32003143
32003140
32003113
32003020
32003015
32002888
32002885
32002884
32002869
32002787
32002781
32002777
32002714
32002690
32002668
32002584
32002307
32002159
32002124
32002121
32002015
32001952
32001948
32001742
32001712
32001707
32001690
32001675
32001619
32001616
32001531
32001529
32001424
32001416
32001362
32001333
32001323
32001318
32001311
32001265
32001251
32001239
32001235
32001222
32001147
32001136
32001089
32001024
32001001
32000863
32000711
32000660
32000647
32000400
32000390
32000382
32000115
32000054
32000013
31999977
31999938
31999934
31999924
31999850
31999839
31999807
31999765
31999555
31999483
31999481
31999472
31999390
31999374
31999305
31999220
31998982
31998976
31998848
31998776
31998752
31998633
31998631
31998466
31998436
31998262
31998243
31998240
31998237
31998228
31998227
31998224
31998134
31998131
31998130
31998078
31998075
31997880
31997808
31997705
31997570
31997536
31997535
31997467
31997382
31997355
31997345
31997310
31997257
31997156
31997080
31996954
31996785
31996710
31996679
31996678
31996669
31996516
31996485
31996378
31996377
31996375
31996318
31996306
31996295
31996242
31996225
31996129
31996046
31996020
31995838
31995759
31995738
31995605
31995279
31995258
31995153
31995030
31994958
31994915
31994908
31994847
31994829
31994813
31994402
31994358
31994333
31994240
31994230
31994201
31994178
31994052
31994044
31994033
31994029
31993962
31993913
31993556
31993501
31993495
31993474
31993413
31993374
31993315
31993310
31993307
31993306
31993305
31993189
31993168
31993040
31992987
31992715
31992638
31992628
31992621
31992620
31992566
31992541
31992477
31992353
31992108
31992066
31991934
31991888
31991880
31991869
31991781
31991778
31991751
31991749
31991602
31991573
31991559
31991513
31991499
31991371
31991336
31991293
31991291
31991199
31991125
31991105
31991104
31991103
31991096
31991068
31991059
31991049
31990988
31990987
31990985
31990689
31990668
31990665
31990656
31990607
31990416
31990243
31990235
31990078
31990070
31990056
31989936
31989871
31989798
31989769
31989756
31989721
31989711
31989682
31989565
31989562
31989560
31989490
31989480
31989378
31989362
31989355
31989308
31989219
31988806
31988794
31988785
31988641
31988640
31988590
31988531
31988522
31988496
31988476
31988467
31988461
31988451
31988437
31988380
31988312
31988290
31988246
31988198
31988148
31988146
31988137
31988015
31988000
31987900
31987884
31987846
31987793
31987546
31987521
31987502
31987499
31987327
31987044
31987043
31986961
31986471
31986415
31986411
31986404
31986323
31986202
31986082
31985814
31985788
31985747
31985487
31985475
31985363
31985315
31985311
31985308
31985218
31985117
31985073
31985037
31985036
31985035
31985028
31985022
31985020
31985019
31985016
31984909
31984876
31984860
31984786
31984667
31984480
31983729
31983635
31983622
31983616
31983487
31983469
31983435
31983430
31983309
31983283
31983282
31983274
31983267
31983163
31983102
31982920
31982864
31982823
31982775
31982774
31982687
31982639
31982609
31982553
31982536
31982508
31982503
31982471
31982458
31982427
31982382
31982271
31982240
31982202
31982168
31982140
31982135
31982041
31982039
31981991
31981925
31981905
31981897
31981797
31981746
31981722
31981674
31981653
31981651
31981632
31981623
31981603
31981593
31981590
31981576
31981573
31981494
31981470
31981100
31981081
31981025
31981002
31980857
31980842
31980808
31980673
31980632
31980622
31980616
31980612
31980602
31980592
31980574
31980556
31980503
31980486
31980485
31980461
31980423
31980369
31980363
31980341
31980221
31980180
31980170
31980169
31980165
31980137
31980131
31979664
31979374
31979341
31979268
31979136
31979110
31979107
31979096
31979095
31979064
31978940
31978799
31978718
31978714
31978617
31978523
31978503
31978495
31978493
31978450
31978448
31978365
31978326
31978263
31978253
31978045
31977876
31977865
31977526
31977471
31977265
31977207
31977025
31977024
31976834
31976798
31976756
31976617
31976585
31976581
31976559
31976530
31976338
31976308
31976036
31976033
31976003
31975999
31975571
31975545
31975510
31975504
31975483
31975452
31975428
31975425
31975381
31975158
31975032
31974907
31974855
31974831
31974818
31974807
31974740
31974683
31974654
31974647
31974638
31974627
31974624
31974619
31974614
31974609
31974605
31974538
31974490
31974428
31974400
31974367
31974362
31974316
31974278
31974273
31974203
31974192
31974165
31974143
31974125
31973852
31973815
31973810
31973690
31973537
31973533
31973231
31973229
31973188
31973165
31973092
31973024
31972865
31972860
31972832
31972829
31972666
31972637
31972507
31972387
31972362
31972359
31972351
31972345
31972343
31972326
31972311
31972251
31972249
31972221
31972206
31972088
31972079
31972071
31971978
31971962
31971859
31971854
31971848
31971835
31971826
31971679
31971563
31971473
31971352
31971297
31971278
31971262
31971186
31971182
31971040
31970902
31970877
31970831
31970784
31970677
31970651
31970560
31970556
31970549
31970530
31970423
31970200
31970149
31970141
31970094
31970022
31969991
31969973
31969929
31969869
31969824
31969821
31969802
31969708
31969692
31969684
31969600
31969510
31969501
31969496
31969487
31969449
31969433
31969410
31969394
31969375
31969357
31969328
31969308
31969234
31969156
31969153
31969028
31968385
31968344
31968257
31968247
31968212
31968176
31968014
31967968
31967946
31967936
31967935
31967836
31967735
31967665
31967651
31967481
31967385
31967309
31967178
31966066
31966062
31966061
31966044
31965945
31965890
31965876
31965837
31965757
31965684
31965656
31965543
31965500
31965330
31965176
31965149
31965002
31964936
31964818
31964805
31964799
31964763
31964749
31964717
31964716
31964711
31964710
31964648
31964622
31964620
31964596
31964469
31964422
31963881
31963869
31963783
31963765
31963760
31963704
31963582
31963575
31963532
31963499
31963441
31963415
31963392
31963385
31963369
31963318
31963305
31963297
31963194
31963173
31963151
31963113
31963105
31962966
31962332
31962201
31962162
31962105
31962066
31961925
31961916
31961913
31961910
31961897
31961865
31961852
31961825
31961716
31961705
31961676
31961483
31961456
31961433
31961340
31961339
31961254
31961061
31961059
31961055
31961053
31961032
31961020
31961017
31961007
31960967
31960961
31960922
31960813
31960754
31960744
31960628
31960530
31960523
31960515
31960487
31960444
31960422
31960418
31960382
31960363
31960210
31960187
31960186
31960154
31960147
31959991
31959967
31959966
31959955
31959897
31959859
31959847
31959826
31959820
31959810
31959796
31959630
31959629
31959344
31959328
31959304
31959281
31959202
31959160
31959038
31959031
31958984
31958910
31958895
31958846
31958764
31958763
31958737
31958697
31958674
31958640
31958571
31958564
31958493
31958486
31958483
31958466
31958462
31958455
31958364
31958270
31958256
31958214
31958187
31958058
31958050
31957919
31957916
31957875
31957872
31957859
31957857
31957855
31957852
31957838
31957835
31957828
31957820
31957818
31957758
31957595
31957543
31957503
31957492
31957433
31957305
31957290
31957251
31957155
31957105
31957066
31957062
31957020
31956962
31956955
31956940
31956937
31956933
31956833
31956806
31956801
31956629
31956504
31956476
31956465
31956415
31956373
31956348
31956338
31956333
31956216
31956148
31956080
31956073
31955914
31955885
31955867
31955859
31955819
31955800
31955635
31955537
31955524
31955511
31955503
31955434
31955370
31955357
31955265
31955175
31955154
31955140
31954861
31954769
31954764
31954719
31954697
31954624
31954574
31954519
31954518
31954499
31954487
31954319
31954290
31954176
31954175
31954164
31954157
31954148
31954111
31954103
31954080
31954050
31953839
31953711
31953701
31953674
31953581
31953461
31953420
31953410
31953358
31953345
31953197
31953164
31953125
31953101
31953100
31953039
31952958
31952801
31952783
31952503
31952452
31952288
31952248
31952230
31952211
31952193
31952182
31952174
31951983
31951884
31951849
31951826
31951822
31951815
31951783
31951698
31951668
31951596
31951583
31951555
31951549
31951530
31951182
31951166
31951096
31951025
31951023
31951013
31950946
31950785
31950560
31950558
31950543
31950398
31950375
31950358
31950315
31950181
31950179
31950060
31950023
31950021
31950014
31949887
31949662
31949655
31949644
31949641
31949499
31949482
31949426
31949392
31949275
31949258
31949242
31949205
31949045
31949043
31949037
31949028
31949019
31948999
31948765
31948761
31948758
31948754
31948600
31948569
31948524
31948451
31948407
31948398
31948381
31948106
31948066
31948009
31947887
31947839
31947770
31947691
31947688
31947651
31947602
31947601
31947584
31947554
31947539
31946466
31945786
31945708
31945608
31945607
31945549
31945545
31945382
31945349
31945347
31945315
31945301
31945259
31945226
31945194
31945188
31945130
31944892
31944891
31944615
31944613
31944600
31944568
31944408
31944299
31944221
31944179
31944172
31944151
31944123
31943990
31943973
31943845
31943821
31943796
31943770
31943764
31943762
31943712
31943528
31943518
31943488
31943454
31943235
31943091
31943058
31943002
31942894
31942845
31942834
31942815
31942809
31942645
31942637
31942623
31942584
31942314
31942238
31942012
31941979
31941829
31941827
31941808
31941788
31941753
31941716
31941684
31941681
31941678
31941661
31941614
31941600
31941556
31941522
31941444
31941401
31941397
31941383
31941349
31941156
31941155
31941153
31941116
31941042
31941029
31941025
31941008
31940882
31940873
31940867
31940845
31940720
31940699
31940472
31940269
31940256
31940218
31940202
31940047
31939851
31939681
31939642
31939621
31939617
31939604
31939597
31939595
31939452
31939440
31939406
31939317
31939174
31939151
31939103
31938892
31938839
31938823
31938588
31938068
31938062
31938055
31938050
31938036
31937931
31937921
31937861
31937797
31937649
31937642
31937621
31937620
31937617
31937616
31937613
31937566
31937523
31937461
31937306
31937253
31937209
31937048
31936902
31936895
31936857
31936855
31936771
31936679
31936678
31936675
31936670
31936661
31936659
31936571
31936561
31936558
31936488
31936446
31936322
31936298
31936296
31936288
31936257
31936239
31936236
31936169
31936157
31936152
31936067
31936044
31936037
31936019
31935983
31935979
31935947
31935908
20301325
31935623
31935617
31935503
31935492
31935463
31935396
31935395
31935375
31935373
31935369
31935364
31935362
31935293
31935290
31935288
31935227
31935210
31935159
31935112
31935086
31935084
31935079
31935048
31934908
31934864
31934851
31934767
31934749
31934630
31934613
31934321
31934315
31934304
31934303
31934279
31934275
31934270
31934265
31934189
31934167
31934117
31934078
31934075
31934071
31934054
31934053
31934021
31934003
31933962
31933946
31933931
31933919
31933915
31933892
31933871
31933870
31933858
31933857
31933845
31933796
31933751
31933733
31933717
31933557
31933533
31933521
31933476
31933265
31933183
31933167
31933141
31933109
31933037
31932944
31932898
31932895
31932871
31932854
31932808
31932743
31932646
31932617
31932581
31932506
31932503
31932483
31932478
31932472
31932468
31932465
31932454
31932442
31932432
31932427
31932418
31932368
31932315
31932281
31932237
31932168
31932136
31932115
31931796
31931758
31931659
31931593
31931548
31931370
31931362
31931341
31931340
31931326
31931206
31931138
31931137
31931069
31931065
31931041
31931029
31931009
31930988
31930964
31930840
31930807
31930651
31930541
31930515
31930311
31930160
31930117
31930082
31930052
31930035
31930034
31929843
31929823
31929819
31929796
31929761
31929752
31929743
31929738
31929735
31929734
31929726
31929700
31929605
31929548
31929545
31929243
31929109
31928880
31928872
31928839
31928751
31928693
31928691
31928690
31928664
31928661
31928657
31928525
31928443
31928237
31928228
31928220
31928162
31927925
31927923
31927696
31927682
31927610
31927560
31927455
31927296
31927215
31927145
31927141
31927008
31926992
31926945
31926936
31926917
31926838
31926832
31926787
31926786
31926629
31926625
31926619
31926584
31926564
31926525
31926467
31926447
31926441
31926341
31926268
31926248
31926247
31926246
31926244
31926243
31926242
31926209
31926200
31926171
31926163
31926126
31926116
31926003
31925986
31925980
31925978
31925639
31925615
31925567
31925563
31925528
31925511
31925458
31925431
31925410
31925330
31925325
31925322
31924768
31924743
31924677
31924676
31924673
31924651
31924648
31924615
31924596
31924499
31924446
31924380
31924270
31924259
31923860
31923858
31923770
31923762
31923756
31923740
31923725
31923698
31923503
31923480
31923421
31923418
31923359
31922964
31922962
31922927
31922896
31922550
31922534
31922425
31922267
31922242
31922236
31922234
31922232
31922231
31922225
31922223
31922219
31922213
31922153
31921941
31921928
31921876
31921853
31921850
31921849
31921846
31921844
31921838
31921670
31921657
31921615
31921600
31921551
31921393
31921385
31921382
31921375
31921341
31921270
31921209
31921198
31921192
31921190
31921178
31921172
31921161
31921008
31920981
31920979
31920958
31920924
31920923
31920684
31920683
31920651
31920650
31920513
31920512
31920511
31920463
31920287
31920193
31920157
31920102
31919999
31919989
31919967
31919962
31919924
31919878
31919874
31919860
31919848
31919767
31919718
31919655
31919590
31919541
31919533
31919472
31919461
31919453
31919413
31919348
31919324
31919307
31919192
31919188
31919106
31919076
31918754
31918633
31918570
31918398
31918333
31918291
31918285
31918274
31918206
31918176
31918102
31918067
31918006
31917989
31917873
31917795
31917788
31917700
31917616
31917615
31917511
31917333
31917286
31917263
31917245
31917243
31917234
31917201
31917191
31917155
31917151
31917064
31916943
31916733
31916703
31916689
31916656
31916636
31916584
31916502
31916418
31916402
31916385
31916329
31916311
31916291
31916218
31916204
31916113
31916083
31916050
31915844
31915782
31915651
31915640
31915594
31915483
31915379
31915377
31915367
31915322
31915301
31915254
31915252
31915244
31915228
31915223
31915195
31915148
31915116
31915051
31915046
31915028
31914963
31914854
31914803
31914704
31914699
31914697
31914671
31914663
31914653
31914645
31914633
31914627
31914619
31914606
31914588
31914535
31914467
31914416
31914413
31914386
31914333
31914241
31914162
31914150
31914120
31913757
31913745
31913744
31913706
31913699
31913698
31913696
31913681
31913659
31913576
31913472
31913350
31913314
31913283
31913266
31913260
31913198
31913126
31913077
31912966
31912879
31912696
31912690
31912683
31912662
31912462
31912450
31912423
31912263
31912229
31912023
31911943
31911920
31911902
31911857
31911836
31911828
31911662
31911660
31911632
31911626
31911617
31911580
31911577
31911574
31911531
31911490
31911485
31911469
31911463
31911436
31911433
31911398
31911311
31911307
31911293
31911238
31910860
31910821
31910792
31910790
31910789
31910742
31910739
31910497
31910438
31910362
31910259
31910234
31910207
31910188
31910110
31910043
31910010
31909825
31909629
31909535
31909533
31909530
31909489
31909296
31909186
31909151
31909145
31909085
31908904
31908835
31908655
31908581
31908576
31908570
31908495
31908493
31908488
31908479
31908413
31908399
31908139
31908108
31908078
31908056
31908053
31908039
31908030
31908026
31908021
31908018
31908016
31908013
31908006
31908004
31907982
31907925
31907823
31907798
31907778
31907700
31907698
31907670
31907582
31907539
31907536
31907378
31907361
31907356
31907318
31907296
31907295
31907221
31907153
31907116
31907052
31906956
31906952
31906878
31906838
31906835
31906784
31906747
31906742
31906673
31906582
31906567
31906560
31906519
31906464
31906454
31906450
31906440
31906413
31906396
31906276
31906215
31906185
31906173
31906126
31906113
31906091
31906029
31906014
31905988
31905967
31905966
31905964
31905947
31905931
31905925
31905887
31905843
31905841
31905829
31905820
31905765
31905764
31905741
31905709
31905634
31905606
31905432
31905428
31905370
31905369
31905327
31905248
31905230
31905208
31905173
31905162
31905145
31904950
31904911
31904830
31904760
31904742
31904729
31904710
31904616
31904542
31904511
31904507
31904504
31904486
31904424
31904416
31904392
31904289
31904282
31904278
31904148
31904144
31904116
31904088
31904026
31903980
31903882
31903881
31903879
31903847
31903833
31903827
31903787
31903741
31903660
31903645
31903637
31903552
31903546
31903366
31903256
31903182
31903169
31903146
31903136
31903135
31903112
31903025
31903023
31902939
31902933
31902921
31902920
31902919
31902918
31902903
31902811
31902747
31902745
31902715
31902709
31902694
31902655
31902568
31902439
31902278
31902266
31902237
31902118
31902112
31902106
31902083
31902050
31901955
31901897
31901862
31901768
31901732
31901678
31901590
31901577
31901549
31901445
31901444
31901260
31901223
31901221
31901205
31901148
31901136
31901106
31901095
31901078
31901026
31901006
31900972
31900915
31900899
31900888
31900743
31900740
31900739
31900723
31900718
31900481
31900478
31900457
31900433
31900430
31900393
31900382
31900369
31900344
31900335
31900314
31900282
31900260
31900226
31900224
31900208
31900183
31900171
31900153
31900116
31900072
31900029
31899992
31899991
31899964
31899805
31899801
31899733
31899702
31899679
31899567
31899342
31899248
31899246
31899224
31899106
31899047
31898732
31898615
31898581
31898563
31898540
31898375
31898343
31898336
31898335
31898284
31898238
31898225
31898015
31897927
31897677
31897590
31897562
31897526
31897467
31897340
31897240
31897236
31897229
31897228
31897216
31897192
31897169
31897141
31897130
31897127
31897123
31897093
31897079
31896816
31896780
31896774
31896773
31896673
31896588
31896577
31896573
31896525
31896510
31896113
31896087
31895878
31895870
31895772
31895768
31895741
31895698
31895687
31895686
31895596
31895569
31895563
31895562
31895179
31895119
31895076
31895039
31894986
31894983
31894856
31894839
31894763
31894756
31894740
31894675
31894672
31894667
31894617
31894616
31894610
31894538
31894533
31894532
31894515
31894485
31894477
31894452
31894433
31894425
31894416
31894343
31894338
31894322
31894318
31894316
31894313
31894307
31894306
31894300
31894299
31894295
31894292
31894290
31894285
31894282
31894274
31894271
31894265
31894263
31894261
31894257
31894255
31894254
31894234
31894128
31894010
31894009
31894002
31893997
31893939
31893611
31893550
31893459
31893436
31893421
31893355
31893311
31893280
31893253
31893233
31893209
31893088
31893043
31892990
31892988
31892980
31892975
31892970
31892853
31892719
31892596
31892595
31892587
31892583
31892569
31892566
31892559
31892554
31892552
31892551
31892516
31892408
31892337
31892318
31892283
31892282
31892268
31892243
31892216
31892137
31892034
20301532
31891940
31891878
31891845
31891789
31891772
31891737
31891690
31891685
31891666
31891239
31891127
31890981
31890910
31890886
31890865
31890763
31890728
31890447
31890228
31890057
31889943
31889900
31889812
31889754
31889629
31889617
31889569
31889562
31889510
31889509
31889497
31889475
31889458
31889428
31889420
31889388
31889361
31889352
31889343
31889332
31889183
31889092
31889044
31889041
31888967
31888889
31888886
31888653
31888636
31888532
31888467
31888465
31888452
31888434
31888414
31888114
31888098
31888080
31888043
31888027
31888022
31887988
31887834
31887668
31887653
31887630
31887595
31887537
31887474
31887431
31887379
31887307
31887299
31887249
31887188
31887137
31887093
31886853
31886851
31886717
31886658
31886589
31886572
31886569
31886487
31886415
31886317
31886264
31886223
31886163
31886081
31886022
31885945
31885880
31885823
31885805
31885799
31885777
31885775
31885701
31885699
31885637
31885624
31885601
31885576
31885497
31885482
31885471
31885322
31885313
31885208
31885202
31885126
31884896
31884871
31884657
31884651
31884650
31884511
31884422
31884408
31884352
31884258
31884243
31884211
31884168
31884128
31884112
31884097
31884070
31884068
31884066
31884041
31883976
31883968
31883917
31883885
31883860
31883822
31883799
31883775
31883527
31883507
31883396
31883219
31883008
31882909
31882813
31882801
31882770
31882756
31882723
31882722
31882719
31882703
31882684
31882666
31882647
31882539
31882501
31882486
31882485
31882480
31882473
31882472
31882446
31882430
31882403
31882401
31882361
31882307
31882269
31882204
31881903
31881809
31881805
31881743
31881718
31881458
31881453
31881375
31881263
31881245
31881189
31881179
31881129
31881126
31881122
31881080
31881074
31881013
31881005
31880863
31880847
31880641
31880528
31880514
31880407
31880389
31880325
31880125
31880112
31880039
31879964
31879799
31879750
31879743
31879741
31879531
31879412
31879273
31879210
31879191
31878999
31878998
31878994
31878993
31878963
31878950
31878933
31878898
31878840
31878350
31878324
31878323
31878291
31878272
31878261
31878245
31878090
31878089
31878039
31878013
31877948
31877940
31877938
31877856
31877804
31877668
31877596
31877550
31877541
31877483
31877463
31877436
31877431
31877407
31877369
31877353
31877324
31877320
31877318
31877279
31877214
31877211
31877196
31877150
31877135
31877123
31877064
31876911
31876763
31876736
31876723
31876714
31876687
31876606
31876381
31876373
31876271
31876243
31876231
31876224
31876203
31876177
31876149
31876107
31876063
31876050
31875996
31875985
31875979
31875928
31875923
31875887
31875823
31875784
31875781
31875741
31875730
31875699
31875620
31875579
31875578
31875575
31875559
31875557
31875551
31875479
31875458
31875434
31875433
31875044
31875043
31875033
31875032
31874853
31874696
31874677
31874650
31874554
31874519
31874443
31874375
31874273
31874239
31874171
31874167
31874165
31874162
31874135
31874073
31873846
31873818
31873757
31873745
31873167
31873123
31872963
31872845
31872801
31872783
31872693
31872675
31872611
31872599
31872568
31872543
31872440
31872384
31872359
31872348
31872302
31872250
31872224
31872186
31871960
31871924
31871591
31871542
31871536
31871532
31871466
31871421
31871319
31871312
31871305
31871302
31871276
31871265
31871235
31871156
31871127
31871023
31870917
31870914
31870840
31870788
31870775
31870763
31870660
31870546
31870452
31870310
31870262
31870258
31870254
31870220
31870150
31870133
31870132
31870101
31870092
31869999
31869775
31869748
31869747
31869746
31869742
31869663
31869504
31869496
31869450
31869420
31869418
31869412
31869409
31869360
31869343
31869331
31869326
31869264
31869240
31868938
31868900
31868888
31868807
31868676
31868590
31868330
31868265
31868209
31868165
31868118
31868071
31867970
31867846
31867824
31867792
31867790
31867749
31867745
31867739
31867699
31867686
31867678
31867609
31867559
31867522
31867475
31867280
31867165
31867163
31867162
31867104
31867016
31867003
31866997
31866876
31866871
31866820
31866619
31866564
31866556
31866555
31866495
31866490
31866476
31866466
31866449
31866420
31866415
31866407
31866305
31866302
31866282
31866281
31866272
31866258
31866228
31866221
31866204
31866202
31866117
31865865
31865844
31865802
31865793
31865779
31865735
31865727
31865720
31865717
