32142024
32142020
32141923
32140973
32140955
32140904
32140865
32140642
32140641
32140468
32140099
32140097
32139746
32139583
32139543
32139539
32139519
32139461
32138686
32138218
32135234
32135233
32135084
32134959
32134555
32134479
32134362
32134300
32133826
32133802
32133221
32132964
32132889
32132713
32132659
32132570
32132396
32132376
32132171
32132150
32131484
32131131
32130872
32130715
32130168
32130084
32129908
32129099
32128786
32128395
32128096
32127716
32127691
32127528
32127290
32127131
32127020
32126849
32126298
32126275
32126248
32126152
32126105
32125502
32125005
32124706
32124535
32124422
32124117
32123854
32123584
32123394
32123378
32123197
32123175
32123116
32123108
32122871
32122766
32122698
32122221
32121405
32121312
32121257
32121108
32120974
32120322
32120165
32119976
32119897
32118276
32118007
32117835
32117449
32117321
32116971
32116764
32116713
32116660
32116654
32116638
32116637
32116603
32116588
32116587
32116576
32116568
32116563
32116556
32116555
32116553
32116528
32116525
32116510
32116495
32116293
32116157
32116063
32115913
32115912
32115776
32115725
32115696
32115669
32115607
32115559
32115373
32114892
32114434
32114370
32114119
32114099
32114002
32113967
32113921
32113914
32113851
32112848
32112601
32112403
32112176
32112144
32111970
32111907
32111726
32111698
32111695
32111343
32110023
32109935
32109760
32109680
32109509
32109461
32109390
32109367
32109363
32109345
32109184
32109150
32108981
32108710
32108709
32108519
32108509
32108449
32108222
32107945
32107535
32107468
32107139
32107102
32106700
32106269
32105991
32105911
32105841
32105772
32105755
32105726
32105708
32105696
32104542
32104195
32103538
32103488
32102814
32102722
32102678
32102022
32101989
32101763
32101740
32101735
32101710
32101483
32101353
32100811
32100365
32100326
32100126
32099683
32099481
32099063
32099006
32098959
32098953
32098538
32097697
32097653
32097645
32097640
32097489
32097079
32096666
32096115
32096114
32096048
32096038
32094477
32094452
32094412
32094350
32094342
32094324
32094163
32094113
32093827
32093800
32093791
32093358
32092823
32092744
32092504
32091333
32091332
32090868
32090747
32090740
32090722
32090501
32090423
32090414
32090401
32089817
32088828
32088661
32088499
32088470
32088181
32087950
32087947
32087877
32087757
32087723
32087716
32087523
32087502
32087374
32087261
32087207
32087110
32087004
32086712
32086573
32086383
32086334
32086286
32086251
32086177
32086175
32086101
32086073
32086055
32085907
32085806
32085678
32084563
32084492
32084483
32084403
32084352
32084328
32083691
32083459
32083308
32083082
32082478
32082139
32081939
32081901
32081835
32081791
32081785
32081743
32081722
32081681
32081365
32081252
32081250
32081130
32079652
32079282
32079103
32078767
32078624
32078368
32078241
32078115
32077535
32077284
32077093
32076742
32076646
32076498
32076401
32076269
32076054
32075993
32075970
32075945
32075899
32075774
32075768
32075657
32075652
32075586
32075532
32075473
32075060
32075025
32074626
32074509
32074121
32074115
32073944
32073753
32073448
32073165
32073132
32072649
32072628
32072483
32072482
32072451
32072181
32071944
32071385
32071341
32071302
32071262
32071255
32071226
32070812
32070791
32070693
32070689
32070397
32070382
32070376
32070147
32070068
32069913
32069430
32069273
32069099
32069017
32068967
32068954
32068913
32068753
32068480
32067159
32067069
32066987
32066986
32066980
32066739
32066728
32066723
32066705
32066684
32066680
32066669
32066666
32066584
32066474
32066361
32065947
32065721
32065618
32065503
32065429
32065333
32065256
32065161
32065104
32065076
32064741
32064048
32063883
32063832
32062864
32062838
32062779
32062422
32062371
32062322
32062045
32062035
32061921
32061836
32061832
32061779
32061770
32061680
32061665
32061623
32060872
32060737
32060367
32060267
32060266
32060210
32059759
32059540
32059349
32058951
32058869
32058817
32058068
32057911
32057843
32057808
32057795
32057313
32057310
32057309
32057164
32056845
32056767
32056730
32056704
32056492
32056463
32056347
32056276
32056271
32056089
32055965
32055648
32055029
32054614
32054300
32053788
32053768
32053107
32052426
32051620
32051574
32051339
32051336
32051325
32051286
32051142
32051001
32050990
32050974
32050972
32050827
32050749
32050698
32050100
32049385
32049025
32049024
32048996
32048992
32048713
32048048
32047864
32047825
32047751
32047490
32047459
32047424
32047263
32047113
32047067
32047040
32046554
32046333
32046324
32045996
32045912
32045639
32045623
32045604
32045571
32045295
32045022
32044667
32044365
32044336
32043972
32043968
32043639
32043463
32043133
32043120
32042915
32042509
32042174
32042163
32042146
32042064
32042031
32041896
32041885
32041863
32041743
32041493
32040976
32040955
32040421
32040417
32040234
32039760
32039713
32039504
32038451
32038387
32038201
32038190
32038184
32038180
32038163
32038161
32038160
32038143
32037459
32037456
32036303
32036028
32035845
32035619
32035611
32035422
32035206
32035186
32035092
32035085
32034929
32034718
32034716
32034714
32034429
32034419
32034207
32034082
32034062
32034051
32034039
32033965
32033923
32033781
32033586
32033274
32033108
32032704
32032521
32032519
32032285
32031918
32031752
32031649
32031200
32030995
32030809
32030718
32030200
32029921
32029896
32029740
32029629
32029541
32029310
32029067
32028795
32028545
32027909
32027866
32027829
32027825
32027699
32027647
32027423
32027361
32027083
32026548
32026227
32026205
32024980
32024768
32024693
32024240
32024149
32023846
32023473
32023281
32023074
32022594
32021879
32021638
32021245
32021229
32021147
32020869
32020767
32020622
32020370
32020291
32020219
32020048
32020025
32019934
32019922
32019871
32019570
32019490
32019392
32019108
32018263
32018245
32018003
32017964
32017899
32017430
32017079
32016846
32016773
32016637
32016606
32016558
32015997
32015932
32015720
32015466
32015438
32015336
32015323
32015180
32015097
32015022
32014864
32014716
32014573
32014546
32014448
32014445
32014439
32014361
32014360
32014256
32013535
32013375
32013236
32013125
32013053
32012922
32012899
32012886
32011705
32011099
32010990
32010923
32010780
32010479
32009965
32009924
32009921
32009920
32009910
32009909
32009906
32009884
32009882
32009879
32009339
32009302
32009007
32008904
32008899
32008680
32008460
32007959
32007920
32007763
32007498
32007483
32007397
32007384
32007102
32006698
32006682
32006555
32006534
32006376
32006361
32006272
32006052
32006048
32005969
32005851
32005806
32005800
32005752
32005598
32005128
32005011
32004894
32004492
32004479
32004452
32004067
32003747
32003654
32003515
32003466
32003282
32003130
32002929
32002926
32001929
32001524
32001412
32001342
32001329
32001108
32000924
32000627
32000541
32000125
32000032
31999693
31999601
31999428
31999254
31999253
31998857
31998323
31998091
31998072
31998068
31997813
31997675
31997264
31996989
31996848
31996696
31996681
31996679
31996674
31996550
31996471
31996455
31996450
31996314
31996137
31995846
31995812
31995783
31995766
31995625
31995427
31995426
31995224
31995180
31994904
31994831
31994726
31994699
31994348
31994319
31993930
31993660
31993489
31992968
31992856
31992779
31992643
31992468
31992223
31991879
31991860
31991804
31991598
31991582
31991249
31991026
31991019
31990273
31990031
31989934
31989757
31989165
31988718
31988434
31988305
31988187
31988060
31987926
31987635
31987494
31987026
31986958
31986466
31986345
31986302
31985866
31985474
31985469
31985466
31985460
31985165
31985097
31984645
31984547
31984510
31984501
31984138
31983902
31983901
31983639
31983537
31983457
31983432
31983220
31983064
31982949
31982880
31982703
31982681
31982652
31982642
31982566
31982357
31982322
31982307
31982136
31981975
31981948
31981945
31981925
31981750
31981722
31981651
31981491
31981061
31980901
31980622
31980612
31980599
31980529
31980388
31980319
31980280
31980040
31979185
31978847
31978552
31978491
31978489
31978396
31978364
31978324
31978058
31977709
31977586
31976719
31976624
31975958
31975956
31975954
31975953
31975952
31975951
31975643
31975437
31975032
31974573
31974460
31974443
31974314
31974307
31974254
31974110
31974076
31973708
31973098
31973029
31972963
31972853
31972543
31972511
31972184
31971855
31971815
31971554
31971446
31971287
31971234
31971037
31970928
31970855
31970658
31970541
31970291
31970228
31970220
31969845
31969806
31969659
31969642
31969605
31969490
31969440
31969363
31969263
31968994
31968259
31968243
31967928
31967770
31967699
31965758
31965726
31965607
31965454
31965032
31965003
31964991
31964948
31964831
31964742
31964717
31964693
31964648
31964646
31963750
31963719
31963593
31963129
31962287
31962129
31962128
31962082
31962077
31961895
31961765
31961459
31961197
31960912
31960804
31960630
31960477
31960424
31960114
31959935
31959876
31959875
31959849
31959797
31959776
31959697
31959673
31959629
31959619
31959236
31959219
31959001
31958915
31958914
31958623
31958497
31958471
31958408
31958305
31958131
31956993
31956938
31956780
31956075
31956022
31955914
31955604
31955527
31955427
31954829
31954778
31954755
31954354
31954292
31954149
31953565
31953526
31953471
31953461
31953424
31953406
31953402
31953383
31953352
31953151
31953148
31952690
31952324
31952197
31952070
31951908
31951578
31951553
31951525
31950146
31949442
31949403
31949158
31949109
31949108
31949106
31949105
31949053
31949037
31948942
31948829
31948501
31947968
31947613
31947538
31946760
31945459
31945332
31944434
31944427
31944407
31944179
31943575
31943514
31943448
31943155
31943020
31942595
31942555
31941884
31941848
31941836
31941824
31941758
31941713
31941660
31941045
31940961
31940779
31940754
31940489
31940488
31940487
31940423
31940243
31939725
31939628
31939145
31939060
31938757
31938075
31937841
31937582
31937510
31937415
31937309
31937214
31937147
31936298
31936129
31935947
31935828
31935741
31935582
31935456
31935400
31935392
31935368
31935315
31935171
31935124
31933994
31933723
31932854
31932769
31932765
31932764
31932688
31932627
31932505
31932427
31932307
31931463
31931429
31931285
31931140
31931120
31930741
31930619
31929389
31928987
31928949
31928882
31928879
31928873
31928845
31928830
31928747
31928144
31927725
31927710
31927687
31927606
31927535
31927268
31927023
31926953
31926897
31926799
31926631
31926610
31926296
31926295
31926100
31926079
31926038
31925901
31925846
31925823
31925602
31925518
31924761
31924235
31924219
31924157
31924130
31923552
31923523
31923460
31923184
31922261
31921970
31921275
31921197
31921123
31921109
31920925
31920911
31920832
31920761
31920739
31920733
31920602
31920598
31920566
31920559
31920545
31920524
31920510
31920492
31920481
31919978
31919735
31919620
31919563
31919562
31919423
31919418
31919362
31918976
31918956
31918954
31918721
31918559
31918030
31917875
31917345
31917339
31917333
31917294
31917239
31917235
31917162
31917111
31917095
31915896
31915846
31915823
31915793
31915380
31915273
31915157
31915070
31915018
31915017
31915009
31914956
31914896
31914895
31914622
31914599
31914383
31914224
31914222
31913854
31913274
31912918
31912709
31912705
31912703
31912581
31912564
31912366
31912158
31911786
31911626
31911624
31911461
31911457
31911131
31910982
31910219
31909701
31909251
31909089
31908573
31908157
31908023
31908017
31907998
31907802
31907637
31907535
31907439
31907437
31907406
31907273
31907267
31907265
31906904
31906780
31906707
31906329
31906100
31906086
31905371
31905370
31905257
31905212
31905200
31904918
31904744
31904559
31904548
31904546
31904407
31904252
31904125
31903838
31903575
31903111
31902728
31902723
31902581
31902393
31902252
31902002
31901681
31901449
31901304
31901303
31901235
31901203
31900428
31900220
31900023
31899762
31899543
31899071
31898285
31898215
31898084
31897916
31897430
31897268
31896814
31896795
31896775
31896763
31896752
31896743
31896673
31896670
31896561
31896560
31896119
31895747
31895741
31894889
31894567
31894566
31893874
31893650
31893083
31893022
31892726
31892408
31891948
31891737
31891692
31891650
31891524
31891311
31890857
31890630
31890482
31890274
31889536
31889402
31889131
31888962
31887416
31887237
31887215
31886694
31886633
31886626
31886210
31885668
31885390
31885352
31885218
31884959
31884668
31884643
31884625
31884620
31884501
31884483
31884465
31884207
31884188
31884186
31883966
31883848
31883839
31883821
31883793
31883792
31883781
31883645
31883525
31883440
31883380
31883137
31883129
31883118
31882953
31882750
31882658
31882641
31882605
31882542
31882402
31882398
31882365
31882185
31882052
31881915
31881740
31881260
31881246
31881218
31880996
31880399
31880241
31879864
31879851
31879843
31879820
31879737
31879701
31879366
31879094
31877972
31877966
31877491
31877334
31877311
31877243
31877125
31876958
31876421
31876329
31876231
31875834
31875833
31875637
31875544
31875262
31874886
31874415
31874358
31874169
31874072
31873312
31873194
31873139
31873117
31872998
31872951
31872941
31872887
31872788
31872472
31871770
31871179
31871174
31871146
31870778
31870439
31870411
31870389
31869655
31869603
31869598
31868682
31868667
31868583
31868578
31868284
31868174
31867846
31867756
31867667
31867284
31867274
31867139
31866974
31866941
31866925
31866881
31866830
31866557
31866365
31866232
31866009
31865791
31865440
31864679
31864617
31864286
31864164
31863915
31863823
31863801
31863788
31863533
31863221
31863214
31863004
31862965
31862894
31862871
31862376
31861635
31861603
31861585
31861468
31861461
31861230
31861069
31860640
31860564
31860443
31860352
31859829
31859390
31859031
31858986
31858514
31857479
31857347
31857205
31856924
31856211
31855730
31855654
31855504
31855440
31854490
31854246
31854140
31853944
31853093
31852985
31852975
31852969
31852821
31852800
31852788
31852729
31852686
31851920
31851918
31851911
31851848
31851789
31851715
31851431
31851307
31851304
31851204
31851117
31850339
31850056
31849772
31849749
31849692
31849611
31849609
31849606
31849596
31849595
31848974
31848686
31848638
31848580
31848486
31848485
31848396
31848147
31847886
31847848
31847618
31847611
31847606
31847265
31847158
31847129
31846736
31846735
31846733
31846684
31846680
31846677
31846650
31846630
31846518
31846515
31846326
31846124
31846123
31846028
31845742
31845732
31845339
31844423
31844317
31844154
31844148
31844048
31844034
31843925
31843923
31843906
31843894
31843843
31843819
31843808
31842393
31841816
31841783
31841107
31840821
31840416
31840326
31840253
31840043
31839606
31839488
31839216
31839007
31839003
31838999
31838998
31838222
31837816
31837594
31837459
31837369
31837337
31837111
31837056
31836817
31836662
31836660
31836334
31836174
31835699
31835452
31835201
31835178
31835037
31835035
31835034
31835006
31834602
31834365
31834166
31834142
31833906
31833822
31833591
31833079
31833023
31832719
31832509
31832311
31831881
31831758
31831638
31831628
31831066
31831046
31830928
31830588
31830527
31829939
31829643
31828740
31828292
31827666
31827568
31827532
31827423
31827215
31827157
31826946
31826944
31826934
31826916
31826690
31826653
31825829
31825819
31825616
31825510
31825308
31824979
31824960
31824650
31824433
31824412
31824411
31824381
31824374
31824360
31824300
31824295
31824293
31824266
31824248
31823889
31823519
31823470
31823284
31823199
31823196
31823189
31823113
31823035
31823004
31822817
31822543
31822472
31821659
31821508
31821186
31821040
31820795
31820781
31820736
31820348
31820275
31820013
31819342
31819232
31819210
31819135
31819113
31818974
31818949
31818694
31818685
31818303
31817854
31817338
31817275
31816448
31816026
31815916
31815693
31815672
31815669
31815522
31815338
31814692
31814614
31814573
31814204
31814145
31814004
31813996
31813995
31813988
31813799
31813612
31813385
31813316
31813158
31813127
31813107
31813094
31812551
31812516
31812449
31811910
31811901
31811858
31811799
31811616
31811350
31811140
31811030
31811028
31810826
31810021
31810008
31810007
31809997
31809965
31809538
31808720
31808609
31807931
31807924
31807709
31807566
31806947
31806757
31806492
31806450
31806083
31805990
31805953
31805950
31805809
31805560
31805346
31805338
31805255
31804775
31804333
31804015
31803912
31803026
31803020
31803009
31803005
31802627
31802434
31802408
31802237
31802236
31802210
31802034
31801980
31801956
31801811
31801734
31801573
31801464
31801252
31801093
31801083
31801081
31801075
31801062
31800708
31800629
31800413
31800345
31800012
31799908
31799776
31799618
31799489
31799428
31799367
31798875
31798869
31798768
31798628
31798479
31798476
31797946
31797926
31797918
31797735
31797458
31797265
31796991
31796894
31796880
31796867
31796681
31796632
31796607
31796602
31796305
31796301
31796207
31796091
31795902
31795399
31795039
31794879
31794779
31794754
31794746
31794548
31794429
31793697
31793691
31793552
31793148
31793103
31793065
31792992
31792463
31791675
31791629
31791419
31791390
31791045
31791042
31791039
31791014
31790725
31790724
31790720
31790465
31790304
31790117
31789805
31789755
31789603
31789317
31788981
31788497
31788496
31788337
31788332
31788222
31787916
31787891
31787876
31787627
31787521
31787376
31787230
31787164
31786808
31786800
31786789
31786728
31786370
31786267
31786128
31786070
31786014
31786013
31786012
31785952
31785394
31785393
31785362
31785357
31785351
31785339
31785301
31785263
31784962
31784961
31784822
31784632
31784571
31784514
31784460
31784358
31784286
31783708
31783653
31783128
31783089
31783026
31782960
31782606
31782539
31782218
31782037
31781555
31781267
31781166
31781033
31780959
31780957
31780943
31780935
31780893
31780714
31780704
31780700
31780530
31780447
31780136
31779643
31779625
31779518
31779492
31778792
31778767
31778735
31778718
31778265
31778213
31777963
31777408
31777199
31776958
31776253
31776176
31775936
31775871
31775745
31775624
31775332
31775328
31775315
31775293
31775160
31775068
31775053
31775032
31775012
31774731
31774722
31774702
31774456
31774395
31774241
31774238
31773144
31772304
31772217
31771166
31771065
31770722
31770719
31770718
31770557
31770432
31770159
31769904
31769888
31769744
31769158
31768529
31768375
31768372
31768054
31768051
31767737
31767678
31767165
31766517
31766461
31765906
31765686
31765410
31765367
31765298
31765115
31763672
31763178
31763032
31762963
31762205
31762188
31761710
31761530
31760659
31760645
31760644
31760643
31760639
31760034
31759698
31759576
31759571
31759285
31759188
31759093
31759083
31758944
31758821
31758744
31758613
31758607
31758381
31758330
31758234
31757975
31757887
31756518
31756337
31756155
31756049
31755864
31755389
31755112
31755104
31754701
31754625
31754223
31754098
31754096
31754024
31754014
31754012
31754011
31754007
31753141
31752601
31752499
31752486
31752040
31752030
31751669
31751650
31751611
31751545
31751544
31751542
31751541
31751507
31751504
31751182
31751156
31751117
31750630
31750611
31750602
31749964
31749750
31749686
31749684
31749649
31749344
31748970
31748851
31748749
31748600
31748377
31748284
31748281
31747669
31747614
31747611
31747607
31747602
31747589
31747000
31746682
31746417
31746134
31745463
31745236
31745235
31745107
31744937
31744861
31744842
31744572
31744511
31744451
31743729
31743680
31743496
31743494
31742554
31741197
31741150
31741113
31740917
31740840
31740837
31740812
31740756
31740747
31740709
31740669
31740213
31739182
31738884
31738835
31738550
31738230
31738085
31738022
31737841
31737624
31737172
31737079
31737061
31736978
31736859
31736856
31736807
31736790
31736729
31736724
31736722
31736718
31736704
31736687
31736656
31736464
31736136
31735810
31735806
31735672
31735496
31735378
31735153
31735150
31735148
31735144
31734033
31733921
31733760
31733457
31733312
31733304
31733301
31733088
31733083
31732929
31732715
31732709
31732671
31732670
31732175
31732108
31732017
31731924
31731918
31731917
31731915
31731914
31731912
31731910
31731584
31731578
31731293
31731230
31730912
31730696
31730614
31730485
31730264
31729819
31729553
31729356
31729115
31728775
31728756
31728711
31728708
31728302
31728288
31728071
31728006
31727973
31727949
31727894
31727856
31727842
31727747
31727727
31727549
31727394
31727230
31727223
31727112
31726976
31726863
31726669
31726439
31726266
31726042
31726040
31725916
31725766
31725712
31724476
31724475
31724472
31724460
31724031
31723242
31723038
31723033
31722615
31722597
31722289
31722235
31722215
31722214
31722213
31722197
31722127
31722091
31722050
31721780
31721634
31721416
31721251
31721208
31721194
31721051
31721049
31720997
31720927
31720798
31720741
31720718
31720368
31720231
31719672
31719671
31719518
31719255
31719251
31718906
31718583
31718465
31718444
31717324
31715617
31715192
31715144
31714896
31714464
31713773
31713514
31712782
31712450
31712125
31712124
31711918
31711897
31711814
31711782
31711674
31711395
31711131
31710948
31710881
31710308
31710028
31709278
31709034
31708879
31708814
31708770
31708749
31708725
31708489
31708306
31708112
31708102
31707987
31707632
31707546
31707211
31707118
31707107
31707081
31706914
31706787
31706697
31706696
31705956
31705950
31705920
31705897
31705894
31705844
31705656
31705587
31705540
31705509
31705508
31705500
31705492
31705488
31705031
31704992
31704785
31704481
31704427
31704315
31704271
31704250
31704172
31704113
31703301
31703066
31703063
31702596
31702555
31702553
31702529
31702507
31702408
31702089
31701728
31701704
31701439
31701438
31701356
31701163
31701118
31701117
31700925
31700689
31700685
31700638
31700191
31699905
31699330
31699323
31699320
31699294
31699240
31699021
31698968
31698854
31698731
31698600
31698507
31698409
31698232
31698165
31698097
31698056
31697945
31697941
31697924
31696982
31696805
31696374
31696228
31695782
31695190
31695098
31695046
31694734
31694668
31694520
31694357
31693931
31693919
31693897
31693885
31693436
31693176
31693007
31692724
31692507
31692364
31692106
31691891
31691314
31691305
31691284
31691279
31691095
31691093
31690807
31690744
31690494
31690344
31690177
31689936
31689785
31689588
31689329
31689244
31688942
31688386
31687765
31687637
31687167
31686785
31686264
31686240
31686040
31686022
31686010
31686009
31685899
31685876
31685865
31685676
31685655
31685652
31685650
31685635
31685431
31685382
31684998
31684977
31684926
31684813
31683954
31683907
31683670
31683611
31683542
31683479
31683476
31683091
31682949
31682915
31682866
31682855
31682853
31682822
31682684
31682213
31681838
31681768
31681571
31681403
31681398
31681117
31681075
31681050
31680972
31680895
31680890
31680868
31680867
31680856
31680852
31680850
31680817
31680814
31680800
31680685
31680609
31680600
31680376
31680223
31680213
31680189
31679932
31679928
31679900
31679695
31679603
31679567
31679171
31679160
31679069
31678952
31678684
31678581
31678373
31678347
31678346
31678345
31678344
31678323
31678156
31677998
31677497
31677210
31677064
31676890
31676823
31676821
31676814
31676599
31676463
31676401
31676320
31676170
31676116
31675949
31675829
31675553
31675356
31674910
31674909
31674265
31674045
31673993
31673855
31673628
31673507
31673287
31673061
31673013
31672932
31672790
31672789
31672727
31672650
31672642
31672522
31672482
31672473
31672263
31672239
31672168
31671920
31671815
31671734
31671326
31671117
31671093
31671090
31671021
31670910
31670829
31670779
31670404
31670034
31669800
31669672
31669519
31669456
31669351
31669129
31668922
31668641
31668619
31668485
31668388
31668016
31667791
31667569
31667540
31667489
31667448
31667062
31666796
31666698
31666685
31666630
31666560
31666534
31666525
31665965
31665791
31665631
31665630
31665628
31665518
31665146
31664701
31664132
31664129
31664089
31664021
31663854
31663850
31663807
31663797
31663783
31663781
31663410
31662427
31662323
31662209
31662189
31662118
31662093
31661993
31661641
31661603
31661432
31660984
31660827
31659941
31659519
31659414
31659307
31659209
31659172
31659032
31658912
31658311
31658255
31657798
31657718
31657278
31656140
31655624
31655373
31655323
31655116
31655049
31654753
31654696
31654681
31654560
31654545
31654502
31654402
31654318
31653946
31653855
31653831
31653697
31653448
31653236
31652960
31652660
31652522
31652391
31651976
31651582
31651580
31651191
31650955
31650708
31650626
31650526
31650481
31650177
31649526
31649513
31649510
31649498
31649496
31649495
31649289
31649201
31649133
31649062
31648565
31648402
31647923
31647922
31647894
31647818
31647603
31647572
31647525
31647409
31647382
31647161
31647103
31647003
31646509
31646215
31645613
31645467
31645269
31645052
31645030
31644953
31644950
31644914
31644912
31643085
31642812
31641828
31641226
31641217
31641196
31641138
31641089
31641055
31640762
31640515
31640210
31640103
31640022
31639426
31639406
31639405
31639064
31638912
31638472
31638230
31638087
31637990
31637983
31637966
31637337
31637135
31637103
31637007
31636961
31636557
31636548
31636452
31636448
31636313
31636273
31636215
31636010
31635224
31635151
31634751
31634502
31634372
31633850
31633735
31633472
31633064
31633026
31632270
31632250
31632245
31632239
31632194
31631593
31631436
31631040
31631027
31631020
31631019
31630953
31630929
31630616
31630182
31629892
31629835
31629603
31628935
31628495
31628322
31628278
31628204
31628072
31627738
31627490
31627477
31627311
31626849
31626845
31626642
31626396
31625606
31625272
31625141
31625128
31624998
31624322
31624233
31623987
31623630
31623585
31623189
31622875
31622587
31622537
31622346
31622208
31622166
31621907
31621498
31621488
31621284
31621252
31620665
31620440
31620292
31620077
31619983
31619971
31619963
31619795
31619793
31619788
31619735
31619558
31619545
31619540
31619493
31619491
31619450
31619361
31619237
31619134
31619119
31619001
31618635
31618634
31618613
31618474
31617345
31617312
31616287
31616248
31615899
31615858
31615854
31615740
31615586
31615515
31615309
31614974
31614463
31614228
31614159
31614100
31614015
31613798
31613174
31612920
31612906
31612827
31612411
31611836
31611781
31611778
31611708
31611707
31611409
31611405
31611305
31611269
31611014
31610907
31610861
31610688
31610406
31610214
31610068
31609715
31609694
31609523
31609469
31609467
31609412
31609336
31608782
31608767
31608710
31608540
31608439
31608358
31607968
31607940
31607858
31607777
31607425
31607423
31606892
31606861
31606769
31606580
31606457
31606413
31606407
31606342
31606330
31606277
31606248
31605718
31605511
31605281
31605098
31605022
31604978
31604921
31604917
31604834
31604597
31604565
31604547
31604545
31604450
31604303
31604301
31604267
31604057
31603369
31603255
31602687
31602645
31602418
31602400
31602346
31601811
31601737
31601424
31601082
31600860
31600838
31600836
31600767
31600591
31600544
31600508
31599692
31599282
31599203
31599177
31598718
31598117
31597963
31597893
31597684
31597601
31597108
31597090
31596821
31596662
31596547
31596238
31596232
31595977
31595452
31595198
31594969
31594866
31594790
31594503
31594390
31594217
31593666
31593630
31593562
31593327
31591651
31591577
31591563
31591561
31591521
31591472
31591316
31591300
31591224
31591195
31590700
31590586
31590363
31590360
31589911
31589894
31589606
31589412
31589352
31588843
31588607
31588519
31588517
31588508
31588233
31588206
31588173
31588014
31588004
31588000
31587918
31587436
31587391
31587290
31587018
31587015
31586871
31586868
31586844
31586817
31586674
31586628
31586624
31586522
31586516
31586482
31586115
31585911
31585723
31585517
31585332
31585079
31585076
31585074
31585050
31584875
31584566
31584226
31584127
31583888
31583694
31583592
31583589
31583588
31583585
31583584
31583583
31583582
31583368
31582966
31582559
31582313
31581973
31581960
31581667
31581449
31581354
31581345
31580914
31580225
31579946
31579908
31579887
31579856
31579831
31579823
31579631
31579454
31578924
31578748
31578742
31578660
31578528
31578497
31578258
31578231
31578179
31578054
31577926
31577920
31577844
31577840
31577643
31577527
31577510
31577351
31577342
31576938
31576812
31576456
31576397
31576349
31576056
31576007
31575928
31575656
31575648
31575603
31575430
31575376
31575336
31575089
31574956
31574937
31574244
31573945
31573887
31573886
31573836
31573804
31573511
31573045
31572293
31572169
31572150
31572110
31571668
31571651
31571649
31571645
31571153
31570875
31570863
31570833
31570731
31570577
31570534
31570333
31569062
31568986
31568834
31568768
31568753
31568680
31568632
31568237
31568060
31567485
31567367
31567302
31566663
31566622
31566565
31566563
31566465
31565526
31565088
31564934
31564496
31564491
31564455
31564212
31564197
31564178
31564031
31563951
31563592
31563470
31563463
31562773
31562756
31562746
31562648
31562629
31562321
31562178
31562149
31561859
31561751
31561365
31561039
31560975
31560767
31560766
31560600
31560103
31560052
31559488
31559390
31559012
31558805
31558723
31558701
31558618
31558566
31558431
31558347
31558338
31558043
31557781
31557456
31557426
31557245
31557158
31556991
31556975
31556948
31556844
31556775
31556572
31556571
31556178
31555816
31555797
31555732
31555726
31555101
31555100
31555097
31554700
31554671
31554644
31554446
31553914
31553913
31553900
31553898
31553663
31553175
31552899
31552891
31552888
31552885
31552876
31552778
31552693
31552671
31552647
31552557
31552482
31552427
31552391
31552204
31552133
31551825
31551822
31551760
31551750
31551730
31551603
31551594
31551592
31551383
31551295
31551261
31551137
31551093
31551038
31550741
31550521
31550475
31550457
31550445
31550131
31549939
31549401
31549228
31548723
31548708
31548707
31548232
31547377
31547268
31547016
31546852
31546722
31546148
31546116
31546104
31546102
31546090
31545983
31545923
31545805
31545665
31545255
31545211
31545165
31545101
31545096
31545013
31544617
31543898
31543860
31543832
31543761
31543453
31543332
31543085
31542796
31542466
31542433
31542321
31542295
31542222
31541985
31541983
31541710
31541642
31541638
31541165
31541095
31541019
31541002
31540998
31540952
31540951
31540472
31540405
31539899
31539650
31539592
31539545
31539516
31539343
31539009
31538765
31538607
31538530
31537912
31537864
31537825
31537706
31537581
31536788
31536750
31536730
31536662
31536477
31536324
31535971
31535859
31535361
31535254
31535079
31535059
31534960
31534531
31534240
31534228
31534015
31533959
31533649
31533122
31533043
31533018
31532915
31532718
31532580
31532391
31532010
31531855
31531369
31530804
31530797
31530643
31530602
31530579
31530416
31530268
31530217
31530200
31529748
31529744
31529465
31529297
31529208
31528349
31527593
31527516
31527487
31527404
31527286
31527261
31527246
31527186
31527183
31527181
31527046
31526831
31526818
31526801
31526770
31526625
31525731
31525725
31525612
31525432
31525343
31525273
31525191
31525149
31524987
31524880
31524869
31524660
31524571
31524272
31524247
31524172
31524163
31524025
31523009
31522887
31522861
31522764
31522614
31522391
31522381
31522332
31522330
31522250
31521721
31521698
31521624
31521206
31521061
31520889
31520790
31520534
31520492
31520440
31520348
31520285
31520067
31519978
31519892
31519869
31519738
31519570
31518661
31518636
31518632
31518568
31518458
31518433
31518073
31517956
31516943
31516918
31515853
31515728
31515588
31515501
31515500
31515492
31515486
31515480
31515474
31515450
31515235
31515113
31514753
31514748
31514507
31514417
31514384
31514369
31514182
31514113
31514103
31514068
31513981
31513577
31513565
31513457
31513310
31512551
31512115
31511776
31511701
31511657
31511532
31511428
31511378
31511344
31511061
31510952
31510019
31509943
31509767
31509756
31509735
31509725
31509354
31509291
31509188
31509108
31509070
31508298
31508195
31507633
31507386
31507377
31507372
31507369
31507354
31507210
31506908
31506610
31506563
31506059
31505809
31505399
31505395
31505325
31505254
31505250
31505183
31505086
31504971
31504953
31504857
31504625
31504428
31504402
31504391
31504286
31504280
31504279
31504265
31504260
31504254
31504221
31504209
31503455
31503212
31503205
31502540
31502306
31502290
31502255
31502203
31502132
31502130
31502028
31501652
31501520
31501413
31501410
31501273
31501034
31499391
31499165
31499164
31499035
31498938
31498925
31498917
31498303
31498189
31498149
31498125
31498123
31497779
31496990
31496947
31496941
31496439
31495690
31495688
31495645
31495601
31495587
31495585
31495401
31495074
31495072
31494285
31494284
31494281
31494272
31494060
31494048
31493975
31493848
31493711
31493598
31493491
31493252
31493239
31493220
31493120
31492976
31492941
31492750
31492697
31492528
31492079
31491691
31491572
31491474
31491422
31491374
31490957
31490785
31490751
31490124
31490123
31490055
31489792
31489687
31489583
31488862
31488853
31488622
31488612
31487961
31487690
31487527
31487526
31487269
31487081
31486769
31486551
31485926
31485717
31485305
31484824
31484723
31484709
31484457
31484069
31484066
31483893
31483857
31483537
31483159
31483153
31483106
31483064
31482248
31482103
31481958
31481874
31481869
31481758
31481617
31481236
31480448
31480215
31479953
31479867
31479648
31479440
31479349
31479069
31478293
31477731
31477722
31477329
31476762
31476555
31476550
31476429
31476356
31476294
31475882
31475621
31475292
31475145
31475007
31474999
31474876
31474869
31474830
31474823
31474762
31474562
31474539
31474537
31474533
31474529
31474368
31473981
31473676
31473590
31473431
31473428
31473354
31473258
31473198
31473031
31472195
31472186
31471890
31471878
31471472
31471460
31471201
31471123
31470901
31470809
31470787
31470412
31470104
31470038
31469927
31469908
31469624
31469404
31468691
31468456
31468057
31468031
31467946
31467945
31467789
31467635
31467632
31467625
31467503
31467423
31467413
31467355
31467284
31467258
31466846
31466561
31466560
31466414
31465122
31464999
31464643
31464579
31464424
31464095
31463334
31462943
31462774
31462595
31462532
31462325
31462286
31462155
31461926
31461661
31461650
31460688
31460675
31460408
31459972
31459841
31457088
31457013
31456738
31456703
31456515
31456476
31456470
31456351
31456327
31456319
31456239
31456004
31455886
31455847
31455763
31455737
31455682
31455193
31454780
31454674
31454545
31454413
31454345
31454343
31454293
31454122
31454079
31453805
31453787
31453784
31453726
31453638
31452977
31452925
31452361
31452136
31451907
31451802
31451801
31451742
31451636
31451607
31451577
31450674
31450645
31450610
31450505
31450495
31450022
31449837
31449812
31448985
31448880
31448560
31448373
31448271
31447835
31447770
31447737
31447701
31447666
31447661
31447652
31447644
31447629
31447373
31447264
31447252
31447171
31447169
31446554
31446444
31446314
31446195
31446086
31446048
31446017
31445905
31445747
31445502
31445161
31444920
31444474
31444385
31444330
31444323
31444217
31443986
31443934
31443932
31443912
31443880
31443492
31443428
31443105
31442840
31442639
31442530
31442405
31442353
31441969
31441802
31441533
31441505
31441209
31440763
31440393
31440386
31440168
31440165
31440143
31440132
31440130
31440125
31439894
31439849
31439429
31439005
31438861
31438543
31437870
31437841
31437793
31437786
31437653
31437651
31437550
31437474
31435837
31435672
31435645
31435018
31434971
31434906
31434890
31434879
31434870
31434868
31434821
31434697
31434499
31434107
31433982
31433979
31433725
31433667
31433485
31433258
31432769
31432416
31432403
31431685
31431530
31430754
31430627
31430454
31430406
31430334
31430310
31430217
31429998
31429822
31429631
31429533
31429130
31429038
31428924
31428912
31428781
31428672
31427916
31427819
31427709
31427619
31427578
31427575
31427569
31427429
31427287
31427116
31426751
31426750
31426654
31426484
31426457
31425975
31425895
31425796
31425750
31425689
31425583
31425234
31425143
31424978
31424485
31424446
31424397
31423585
31422885
31422884
31422799
31422429
31421827
31421546
31421432
31421324
31421130
31421056
31420734
31420675
31420572
31420543
31419636
31419597
31419596
31419478
31419298
31419255
31418949
31418946
31418628
31418339
31418024
31418019
31417557
31417451
31417406
31417372
31417371
31417366
31417363
31417359
31417357
31417354
31417353
31417352
31417343
31417342
31417341
31417202
31417169
31417118
31417026
31416963
31416934
31416910
31416907
31416905
31416834
31416818
31416268
31416088
31416083
31416078
31415804
31415088
31414712
31414342
31414299
31413893
31413718
31413715
31413370
31412918
31412757
31412703
31412363
31412249
31412094
31411745
31411685
31411560
31411091
31410991
31410926
31410161
31409972
31409788
31409653
31408805
31408801
31408790
31408717
31408664
31408635
31408628
31408614
31408580
31408466
31408233
31408227
31408106
31407664
31407610
31407399
31406365
31406330
31406118
31405997
31405935
31405931
31405923
31405919
31405155
31405150
31405017
31404830
31404552
31404455
31404311
31403825
31403110
31403088
31402878
31402867
31402619
31402614
31402581
31402457
31402374
31402325
31402324
31402090
31401849
31401749
31401541
31401396
31401339
31401145
31401139
31401065
31400882
31400808
31400560
31400530
31400384
31400342
31400304
31400041
31399700
31399611
31399583
31399493
31399343
31399288
31399280
31399257
31399256
31399081
31399062
31399000
31398878
31398462
31398382
31398341
31398277
31398040
31397945
31397888
31397880
31397337
31397336
31397254
31397198
31396959
31396666
31396583
31396578
31396318
31396238
31396111
31396067
31396066
31396050
31396049
31396030
31395925
31395660
31395526
31395077
31394400
31394141
31394060
31393918
31393890
31393234
31393157
31392754
31391498
31391301
31391297
31391148
31391115
31390564
31390557
31390550
31390067
31390064
31389641
31389319
31389245
31388881
31388734
31388558
31388143
31388105
31388055
31387346
31387295
31387280
31387210
31387116
31386938
31386799
31386656
31386210
31385799
31385763
31385651
31385647
31385511
31384542
31384015
31384010
31383864
31383853
31383765
31383732
31383727
31383275
31382686
31382415
31382015
31381246
31380975
31380850
31380846
31380440
31380366
31379853
31379674
31379626
31379621
31379534
31379507
31379106
31379087
31379045
31378617
31378614
31378611
31378607
31378605
31378567
31378303
31378003
31377699
31377570
31377556
31377554
31377450
31377244
31377215
31377200
31377199
31376930
31376621
31376519
31376444
31376426
31376286
31376190
31376044
31375982
31375980
31375701
31375314
31375213
31375206
31375062
31374821
31374578
31374431
31374329
31374203
31374046
31373965
31373256
31373126
31373053
31372974
31372509
31372387
31372031
31371790
31371763
31371726
31371722
31371721
31371697
31371487
31371375
31371105
31370222
31370103
31370081
31369985
31369881
31369798
31369144
31368766
31368584
31368362
31368131
31368090
31367949
31367837
31366796
31366729
31366728
31366724
31366453
31366312
31366017
31366003
31365869
31365861
31365833
31365470
31365421
31365285
31365153
31364988
31364987
31364398
31364025
31363998
31363843
31363232
31363222
31362905
31362869
31362710
31362587
31362483
31362166
31362018
31361786
31361738
31360616
31360136
31359322
31359118
31359030
31358991
31358974
31358842
31358756
31358727
31358677
31358676
31358653
31358548
31358387
31358182
31358069
31357572
31357197
31356970
31356897
31356881
31356837
31356836
31356834
31356637
31356210
31356207
31355417
31355371
31355196
31354805
31354790
31354530
31354528
31354448
31354447
31354444
31354438
31354432
31354427
31354424
31354421
31353313
31353219
31353081
31353046
31352901
31352835
31352711
31352550
31352033
31352029
31351985
31351745
31351489
31351444
31351428
31351184
31351158
31350860
31350830
31350637
31350353
31350336
31350298
31349951
31349949
31349032
31349005
31348996
31348890
31348567
31348003
31347615
31347291
31346715
31346281
31346222
31346176
31346164
31346158
31345964
31345568
31345444
31345366
31345270
31345146
31344552
31344049
31344047
31343958
31343767
31343409
31343325
31343310
31343079
31343065
31342609
31342072
31342014
31341489
31341469
31341285
31340140
31340083
31340057
31339627
31339593
31339411
31339238
31338915
31338777
31338578
31338098
31338025
31337870
31337785
31337710
31337609
31336937
31336406
31336385
31336360
31336108
31335972
31335790
31335750
31335648
31335585
31334266
31333526
31333508
31333464
31333427
31333424
31333417
31333413
31333399
31333190
31333064
31332903
31332667
31332373
31332372
31332326
31332267
31332005
31332003
31331983
31331946
31331938
31331937
31331724
31331507
31331319
31331032
31330972
31330917
31330570
31330533
31330207
31330099
31330091
31329825
31329819
31329620
31329615
31329070
31328874
31328786
31328682
31328620
31328598
31328587
31328266
31328155
31328099
31328097
31327716
31327715
31327510
31327225
31327148
31327125
31327120
31327050
31327002
31326722
31326575
31325707
31325641
31325585
31325561
31325432
31325248
31325050
31324969
31324898
31324881
31324781
31324538
31324254
31324250
31323847
31323378
31323217
31323169
31322324
31321675
31321409
31321071
31320995
31320693
31320644
31320636
31320629
31320626
31320316
31320237
31319778
31319551
31319342
31319175
31319167
31319154
31319134
31319132
31319085
31318899
31318688
31318452
31318071
31318022
31317824
31317797
31317616
31316544
31316456
31316451
31316374
31316340
31316333
31316211
31316053
31315045
31315044
31315043
31315042
31314644
31314057
31313871
31313712
31313709
31313506
31312504
31312421
31312230
31312126
31312123
31312122
31312116
31311957
31311849
31311824
31311732
31310899
31310863
31310861
31310848
31310797
31310179
31310161
31309928
31309790
31309760
31309630
31309427
31309265
31309255
31308791
31308671
31308669
31308545
31308468
31308381
31308225
31308144
31308053
31307616
31307613
31306931
31306773
31306618
31306253
31306212
31306119
31304985
31304656
31304232
31303499
31303493
31303095
31302721
31302677
31302498
31302264
31302255
31302253
31302243
31301739
31301453
31301411
31301255
31301200
31301167
31300753
31300701
31300654
31300641
31300539
31300524
31300458
31300382
31300277
31300041
31299536
31299347
31299286
31299252
31299229
31299219
31299212
31299199
31299179
31299172
31299170
31298941
31298422
31297821
31297797
31297057
31297052
31296999
31296839
31296771
31296564
31296448
31296416
31295858
31295803
31295555
31295329
31295289
31295066
31294671
31294644
31294477
31294105
31293401
31293391
31293388
31293381
31293018
31292939
31292806
31292459
31292434
31292407
31291871
31291788
31291594
31291587
31291586
31291156
31291134
31291061
31290461
31290449
31290446
31290378
31290266
31290205
31290052
31289954
31289928
31289639
31289583
31289357
31289283
31289239
31289225
31289014
31288132
31288062
31288061
31288042
31288037
31287987
31287986
31287978
31287930
31287367
31286885
31286882
31286869
31286807
31286617
31286598
31286586
31286443
31286433
31286068
31285847
31285762
31285614
31285612
31285339
31285321
31285302
31285301
31284879
31284797
31284620
31283998
31283937
31283900
31283899
31283873
31283529
31283380
31283379
31283062
31282943
31282875
31282856
31282614
31282441
31282427
31282280
31282275
31282104
31281781
31281588
31281249
31281243
31281238
31280380
31280184
31280069
31280011
31279915
31279732
31279672
31279492
31278986
31278985
31278935
31278933
31278805
31278787
31278527
31278365
31278347
31278152
31278067
31278010
31277969
31277894
31277703
31277674
31277602
31277076
31277075
31276933
31276589
31276489
31275757
31275606
31275542
31275448
31275224
31275209
31275119
31275112
31275104
31275102
31275097
31275092
31274148
31273706
31273693
31273692
31273690
31273206
31272828
31272685
31272236
31272150
31271780
31271754
31271336
31271053
31270820
31270711
31270587
31270503
31270446
31270336
31270312
31270219
31270160
31270157
31270145
31269971
31269946
31269917
31269731
31269659
31269466
31269465
31269433
31269239
31268916
31268800
31268799
31268796
31268609
31268533
31268532
31268420
31268181
31267787
31267743
31267722
31267705
31267585
31267565
31267370
31267207
31267166
31266696
31266421
31266052
31265934
31265881
31265826
31265476
31265075
31265023
31264853
31264686
31264504
31264264
31263964
31263945
31263778
31263623
31263492
31263420
31263402
31263401
31263400
31263190
31263107
31263104
31262907
31262652
31262455
31262044
31261689
31261385
31261376
31261355
31261062
31260536
31259913
31259310
31259276
31258625
31258540
31258464
31258463
31258082
31257959
31257860
31257461
31257411
31257402
31257138
31257105
31257104
31257024
31256793
31256785
31256784
31256344
31256300
31256137
31256132
31256117
31256058
31255842
31255718
31255672
31255486
31255211
31254839
31254597
31254427
31254050
31253878
31253768
31253715
31253360
31253251
31253250
31252477
31252402
31252207
31251974
31251935
31251595
31250298
31249513
31249492
31249471
31249369
31249350
31249065
31248739
31248728
31248545
31248544
31248296
31248184
31247672
31247474
31247447
31247424
31247420
31247288
31247269
31247268
31247153
31247129
31247122
31246077
31245789
31245725
31245629
31245529
31245414
31244828
31244767
31244747
31244650
31244649
31244622
31244621
31244618
31244610
31244423
31243794
31243468
31243369
31243318
31243276
