32142215
32142212
32142210
32142206
32142200
32142198
32142187
32142185
32142182
32142181
32142178
32142150
32142134
32142123
32142120
32142118
32142116
32142105
32142100
32142097
32141995
32141950
32141941
32141894
32141887
32141867
32141856
32141849
32141827
32141819
32141811
32141809
32141807
32141797
32141771
32141770
32141763
32141754
32141748
32141743
32141731
32141717
32141716
32141705
32141704
32141703
32141702
32141701
32141690
32141686
32141675
32141673
32141660
32141659
32141657
32141654
32141651
32141631
32141626
32141623
32141606
32141587
32141581
32141577
32141576
32141574
32141572
32141571
32141569
32141566
32141565
32141564
32141563
32141561
32141559
32141558
32141557
32141556
32141555
32141554
32141553
32141552
32141549
32141548
32141544
32141542
32141541
32141540
32141538
32141532
32141531
32141530
32141528
32141527
32141512
32141509
32141507
32141504
32141499
32141496
32141492
32141475
32141454
32141453
32141452
32141447
32141435
32141429
32141428
32141421
32141420
32141416
32141415
32141398
32141397
32141394
32141392
32141386
32141384
32141358
32141354
32141337
32141296
32141294
32141280
32141277
32141262
32141244
32141235
32141228
32141197
32141187
32141186
32141178
32141174
32141169
32141134
32141129
32141127
32141124
32141118
32141102
32141101
32141090
32141063
32141052
32141026
32141025
32141013
32141012
32141010
32141009
32141005
32140981
32140970
32140966
32140963
32140957
32140931
32140901
32140888
32140886
32140883
32140882
32140858
32140836
32140835
32140824
32140767
32140747
32140737
32140736
32140733
32140727
32140725
32140724
32140711
32140709
32140704
32140698
32140692
32140686
32140681
32140680
32140677
32140669
32140659
32140657
32140648
32140645
32140643
32140640
32140637
32140625
32140623
32140612
32140609
32140593
32140589
32140584
32140573
32140572
32140545
32140512
32140464
32140446
32140436
32140426
32140411
32140397
32140395
32140393
32140392
32140391
32140390
32140387
32140376
32140356
32140353
32140341
32140324
32140321
32140298
32140296
32140288
32140284
32140269
32140268
32140267
32140266
32140263
32140262
32140258
32140234
32140230
32140226
32140225
32140203
32140187
32140174
32140168
32140166
32140165
32140163
32140159
32140151
32140149
32140147
32140146
32140145
32140142
32140110
32140107
32140105
32140078
32140077
32140075
32140073
32140068
32140067
32140064
32140063
32140061
32140042
32140039
32140038
32140037
32140036
32139903
32139900
32139899
32139897
32139894
32139880
32139878
32139877
32139876
32139808
32139799
32139798
32139795
32139794
32139792
32139788
32139779
32139776
32139766
32139757
32139755
32139752
32139726
32139720
32139718
32139711
32139708
32139669
32139667
32139664
32139662
32139660
32139657
32139606
32139603
32139602
32139595
32139593
32139584
32139579
32139577
32139565
32139546
32139545
32139536
32139519
32139511
32139510
32139509
32139507
32139505
32139495
32139477
32139475
32139465
32139440
32139423
32139421
32139402
32139395
32139394
32139393
32139391
32139351
32139349
32139348
32139317
32139316
32139315
32139291
32139263
32139259
32139257
32139252
32139173
32139154
32139146
32139125
32139124
32139123
32139122
32139121
32139120
32139119
32139118
32139111
32139110
32139108
32139089
32139008
32138996
32138989
32138988
32138955
32138954
32138947
32138946
32138945
32138905
32138904
32138903
32138902
32138900
32138899
32138878
32138847
32138846
32138824
32138807
32138791
32138778
32138772
32138767
32138762
32138755
32138730
32138729
32138726
32138711
32138690
32138687
32138681
32138674
32138671
32138663
32138661
32138658
32138651
32138644
32138643
32138615
32138594
32138593
32138567
32138562
32138551
32138544
32138539
32138536
32138514
32138511
32138509
32138505
32138470
32138466
32138384
32138379
32138376
32138363
32138354
32138352
32138348
32138347
32138345
32138343
32138339
32138332
32138327
32138326
32138324
32138311
32138302
32138288
32138279
32138264
32138244
32138239
32138230
32138228
32138213
32138206
32138196
32138193
32138181
32138172
32138170
32138169
32138166
32138163
32138161
32138158
32138155
32138154
32138149
32138146
32135646
32135643
32135642
32135615
32135594
32135570
32135565
32135491
32135490
32135474
32135457
32135444
32135421
32135417
32135413
32135407
32135404
32135383
32135377
32135370
32135356
32135355
32135352
32135342
32135340
32135322
32135301
32135300
32135297
32135296
32135275
32135258
32135257
32135253
32135247
32135238
32135236
32135232
32135222
32135219
32135198
32135197
32135196
32135195
32135194
32135193
32135192
32135191
32135190
32135185
32135184
32135178
32135176
32135175
32135171
32135169
32135168
32135163
32135162
32135160
32135158
32135148
32135141
32135139
32135124
32135123
32135122
32135084
32135064
32135063
32135061
32135034
32135028
32135008
32134994
32134975
32134974
32134970
32134962
32134960
32134955
32134954
32134948
32134941
32134928
32134924
32134920
32134919
32134893
32134862
32134800
32134795
32134755
32134742
32134734
32134721
32134682
32134681
32134668
32134666
32134661
32134660
32134659
32134655
32134653
32134630
32134570
32134561
32134554
32134537
32134523
32134522
32134507
32134473
32134471
32134466
32134445
32134423
32134377
32134370
32134361
32134354
32134329
32134323
32134263
32134252
32134251
32134250
32134217
32134216
32134212
32134210
32134190
32134186
32134183
32134168
32134157
32134147
32134139
32134137
32134113
32134105
32134099
32134068
32134050
32134015
32134014
32134011
32134010
32133999
32133997
32133995
32133994
32133992
32133991
32133990
32133989
32133985
32133984
32133975
32133974
32133960
32133959
32133946
32133945
32133913
32133888
32133886
32133881
32133879
32133861
32133854
32133841
32133840
32133826
32133818
32133802
32133801
32133800
32133799
32133790
32133789
32133777
32133774
32133772
32133766
32133759
32133743
32133742
32133736
32133712
32133710
32133706
32133702
32133700
32133675
32133664
32133639
32133636
32133627
32133621
32133604
32133603
32133592
32133574
32133541
32133538
32133527
32133503
32133500
32133474
32133467
32133457
32133438
32133427
32133426
32133417
32133407
32133383
32133382
32133380
32133379
32133374
32133368
32133359
32133348
32133344
32133338
32133316
32133301
32133296
32133294
32133284
32133259
32133237
32133224
32133218
32133147
32133110
32133109
32133074
32133069
32133062
32133058
32133047
32133046
32133034
32133027
32133017
32133009
32133006
32133002
32133000
32132999
32132989
32132985
32132969
32132931
32132930
32132929
32132927
32132925
32132924
32132902
32132900
32132890
32132887
32132876
32132875
32132872
32132870
32132869
32132866
32132711
32132707
32132706
32132705
32132690
32132673
32132651
32132648
32132634
32132616
32132613
32132611
32132600
32132598
32132597
32132582
32132578
32132576
32132574
32132570
32132557
32132555
32132548
32132546
32132537
32132534
32132528
32132514
32132451
32132393
32132385
32132384
32132327
32132313
32132307
32132299
32132293
32132268
32132265
32132243
32132242
32132240
32132239
32132237
32132234
32132233
32132231
32132230
32132225
32132211
32132210
32132205
32132204
32132202
32132185
32132184
32132180
32132171
32132170
32132169
32132161
32132156
32132154
32132144
32132133
32132132
32132110
32132106
32132102
32132098
32132082
32132073
32132042
32132037
32132035
32132033
32132030
32132025
32132024
32132020
32131949
32131938
32131934
32131931
32131900
32131898
32131890
32131889
32131873
32131853
32131830
32131767
32131762
32131757
32131749
32131734
32131732
32131729
32131728
32131715
32131712
32131707
32131700
32131693
32131688
32131676
32131674
32131672
32131653
32131651
32131632
32131629
32131614
32131613
32131604
32131593
32131583
32131578
32131560
32131554
32131547
32131545
32131536
32131534
32131531
32131526
32131519
32131498
32131497
32131495
32131492
32131481
32131470
32131465
32131463
32131451
32131447
32131440
32131435
32131411
32131410
32131400
32131390
32131389
32131385
32131378
32131375
32131152
31824672
32131150
32131144
32131113
32131038
32131034
32131023
32130980
32130978
32130975
32130974
32130964
32130962
32130959
32130954
32130931
32130916
32130915
32130911
32130893
32130892
32130890
32130889
32130888
32130880
32130874
32130863
32130855
32130788
32130760
32130758
32130753
32130752
32130732
32130730
32130724
32130717
32130707
32130676
32130656
32130651
32130644
32130643
32130641
32130636
32130628
32130622
32130612
32130610
32130608
32130607
32130605
32130604
32130599
32130591
32130580
32130574
32130572
32130535
32130518
32130517
32130505
32130502
32130487
32130486
32130485
32130470
32130468
32130440
32130432
32130427
32130408
32130407
32130371
32130369
32130367
32130365
32130294
32130286
32130269
32130237
32130226
32130224
32130207
32130204
32130071
32130070
32130032
32130031
32130030
32130027
32130024
32130019
32130014
32130013
32130011
32130010
32130007
32130004
32130001
32129995
32129994
32129993
32129987
32129986
32129945
32129944
32129943
32129938
32129937
32129936
32129924
32129921
32129897
32129890
32129886
32129857
32129853
32129843
32129826
32129823
32129822
32129820
32129764
32129762
32129757
32129749
32129748
32129713
32129712
32129710
32129706
32129703
32129701
32129699
32129697
32129691
32129689
32129676
32129626
32129623
32129608
32129602
32129597
32129593
32129578
32129567
32129536
32129475
32129471
32129468
32129452
32129444
32129440
32129439
32129420
32129408
32129386
32129375
32129364
32129355
32129354
32129350
32129348
32129195
32129194
32129166
32129160
32129151
32129147
32129146
32129131
32129128
32129110
32129104
32129093
32129091
32129085
32129083
32129080
32129078
32129068
32129003
32128997
32128995
32128990
32128980
32128976
32128972
32128962
32128960
32128947
32128922
32128906
32128889
32128887
32128880
32128873
32128863
32128853
32128852
32128850
32128839
32128811
32128801
32128749
32128712
32128710
32128702
32128694
32128679
32128666
32128659
32128644
32128643
32128627
32128617
32128611
32128609
32128608
32128601
32128589
32128584
32128583
32128579
32128578
32128564
32128557
32128527
32128508
32128502
32128483
32128474
32128468
32128463
32128422
32128419
32128410
32128407
32128406
32128399
32128395
32128390
32128359
32128354
32128345
32128342
32128327
32128314
32128278
32128259
32128258
32128257
32128251
32128220
32128174
32128154
32128117
32128106
32128104
32128100
32128096
32128095
32128092
32128091
32128073
32128072
32128068
32128054
32128023
32127998
32127964
32127961
32127957
32127952
32127951
32127946
32127942
32127939
32127931
32127929
32127921
32127918
32127916
32127912
32127899
32127882
32127864
32127821
32127816
32127807
32127793
32127787
32127786
32127783
32127778
32127776
32127764
32127734
32127685
32127658
32127652
32127648
32127645
32127636
32127631
32127624
32127623
32127614
32127613
32127603
32127592
32127590
32127582
32127578
32127565
32127553
32127552
32127546
32127537
32127528
32127525
32127518
32127497
32127492
32127489
32127487
32127480
32127478
32127473
32127471
32127469
32127461
32127455
32127454
32127451
32127448
32127447
32127446
32127431
32127419
32127416
32127409
32127396
32127392
32127388
32127386
32127385
32127384
32127372
32127365
32127335
32127302
32127288
32127259
32127247
32127173
32127169
32127147
32127146
32127141
32127137
32127065
32127056
32127052
32127038
32127037
32127035
32127023
32127022
32127019
32127012
32127006
32126991
32126979
32126975
32126953
32126945
32126885
32126855
32126843
32126790
32126780
32126779
32126776
32126774
32126768
32126753
32126739
32126736
32126735
32126734
32126727
32126674
32126633
20301702
32126587
32126558
32126555
32126552
32126536
32126500
32126499
32126482
32126476
32126470
32126461
32126459
32126452
32126449
32126442
32126430
32126405
32126396
32126395
32126394
32126390
32126387
32126385
32126382
32126321
32126315
32126314
32126297
32126295
32126289
32126287
32126279
32126277
32126272
32126270
32126269
32126264
32126263
32126262
32126261
32126260
32126256
32126253
32126250
32126237
32126234
32126233
32126232
32126231
32126230
32126227
32126223
32126222
32126221
32126209
32126208
32126207
32126206
32126199
32126198
32126172
32126171
32126170
32126161
32126152
32126150
32126149
32126148
32126142
32126136
32126128
32126118
32126095
32126082
32126077
32126064
32126063
32126021
32126020
32126010
32125996
32125987
32125985
32125981
32125979
32125944
32125927
32125911
32125910
32125897
32125895
32125883
32125869
32125865
32125861
32125853
32125831
32125829
32125828
32125824
32125823
32125821
32125789
32125788
32125783
32125770
32125765
32125756
32125751
32125731
32125730
32125724
32125723
32125707
32125694
32125677
32125673
32125664
32125625
32125607
32125598
32125595
32125592
32125582
32125580
32125573
32125561
32125558
32125529
32125511
32125507
32125488
32125482
32125478
32125467
32125461
32125443
32125435
32125433
32125369
32125365
32125337
32125331
32125329
32125307
32125284
32125276
32125274
32125273
32125267
32125263
32125261
32125249
32125225
32125203
32125181
32125179
32125168
32125157
32125139
32125093
32125087
32125086
32125053
32125037
32125028
32125017
32125016
32125014
32125013
32125006
32124993
32124970
32124968
32124965
32124964
32124962
32124961
32124960
32124959
32124958
32124957
32124956
32124954
32124952
32124951
32124946
32124945
32124943
32124942
32124941
32124939
32124938
32124937
32124934
32124933
32124932
32124927
32124922
32124920
32124910
32124888
32124869
32124853
32124844
32124834
32124831
32124827
32124816
32124813
32124808
32124724
32124714
32124713
32124711
32124700
32124695
32124694
32124678
32124669
32124659
32124651
32124619
32124607
32124599
32124583
32124532
32124512
32124501
32124494
32124492
32124491
32124454
32124450
32124438
32124427
32124416
32124395
32124394
32124392
32124388
32124387
32124290
32124282
32124276
32124252
32124242
32124241
32124240
32124236
32124234
32124233
32124230
32124227
32124220
32124210
32124197
32124174
32124171
32124165
32124164
32124161
32124158
32124153
32124148
32124140
32124138
32124128
32124111
32124104
32124100
32124083
32124076
32124075
32124070
32124010
32124009
32123996
32123995
32123972
32123965
32123963
32123956
32123920
32123907
32123868
32123861
32123859
32123857
32123856
32123855
32123852
32123851
32123845
32123844
32123834
32123833
32123831
32123826
32123817
32123816
32123815
32123814
32123813
32123812
32123811
32123761
32123750
32123746
32123739
32123732
32123722
32123713
32123712
32123709
32123705
32123700
32123646
32123620
32123601
32123586
32123585
32123584
32123583
32123582
32123581
32123580
32123579
32123560
32123557
32123549
32123546
32123532
32123521
32123520
32123519
32123509
32123507
32123495
32123494
32123434
32123431
32123430
32123426
32123425
32123424
32123422
32123418
32123409
32123408
32123405
32123403
32123401
32123391
32123390
32123389
32123388
32123387
32123386
32123384
32123383
32123380
32123375
32123368
32123359
32123351
32123346
32123337
32123323
32123313
32123310
32123301
32123296
32123288
32123284
32123273
32123265
32123255
32123252
32123248
32123243
32123242
32123237
32123235
32123232
32123229
32123220
32123217
32123210
32123188
32123184
32123177
32123175
32123160
32123159
32123117
32123116
32123115
32123111
32123106
32123104
32123103
32123101
32123097
32123094
32123092
32123090
32123087
32123086
32123083
32123082
32123080
32123072
32123069
32123067
32123064
32123046
32123042
32123041
32123040
32123038
32123037
32123036
32123035
32123031
32123020
32123017
32123014
32123013
32123012
32123010
32123008
32122997
32122993
32122992
32122989
32122971
32122970
32122969
32122967
32122955
32122953
32122952
32122945
32122944
32122943
32122942
32122940
32122936
32122925
32122923
32122920
32122918
32122903
32122902
32122873
32122871
32122865
32122860
32122859
32122851
32122848
32122826
32122824
32122820
32122798
32122792
32122774
32122753
32122751
32122750
32122735
32122715
32122684
32122675
32122673
32122662
32122652
32122618
32122616
32122614
32122610
32122608
32122603
32122602
32122596
32122593
32122591
32122589
32122587
32122554
32122553
32122550
32122547
32122545
32122543
32122541
32122532
32122531
32122530
32122528
32122527
32122525
32122522
32122521
32122493
32122476
32122460
32122435
32122425
32122400
32122398
32122395
32122379
32122376
32122366
32122364
32122362
32122360
32122353
32122352
32122349
32122336
32122323
32122317
32122316
32122304
32122296
32122294
32122258
32122227
32122219
32122204
32122178
32122165
32122157
32122143
32122130
32122128
32122115
32122111
32122104
32121743
32121660
32121658
32121646
32121640
32121623
32121619
32121609
32121603
32121598
32121597
32121588
32121587
32121577
32121575
32121570
32121568
32121567
32121559
32121557
32121556
32121552
32121549
32121542
32121537
32121527
32121524
32121522
32121517
32121508
32121503
32121495
32121491
32121454
32121449
32121434
32121430
32121426
32121425
32121422
32121406
32121400
32121397
32121383
32121334
32121332
32121325
32121308
32121302
32121298
32121297
32121292
32121289
32121287
32121279
32121275
32121268
32121266
32121263
32121257
32121255
32121252
32121249
32121243
32121228
32121220
32121214
32121212
32121211
32121206
32121201
32121155
32121154
32121150
32121148
32121143
32121140
32121131
32121120
32121118
32121115
32121110
32121108
32121107
32121105
32121096
32121093
32121092
32121090
32121073
32121069
32121063
32121059
32121056
32121042
32121037
32121034
32121033
32121029
32121012
32121010
32121009
32121004
32120996
32120990
32120974
32120970
32120968
32120964
32120945
32120943
32120928
32120926
32120910
32120908
32120903
32120897
32120896
32120885
32120884
32120882
32120877
32120864
32120860
32120848
32120846
32120843
32120839
32120838
32120833
32120831
32120830
32120823
32120820
32120818
32120817
32120801
32120800
32120798
32120792
32120789
32120788
32120780
32120777
32120776
32120458
32119484
32119480
32119470
32119432
32119431
32119368
32119339
32119290
32119275
32120431
32120372
32120366
32120361
32120359
32120346
32120344
32120339
32120337
32120333
32120325
32120316
32120304
32120303
32120301
32120300
32120287
32120271
32120263
32120262
32120255
32120245
32120232
32120225
32120214
32120196
32120195
32120190
32120172
32120159
32120157
32120144
32120136
32120129
32120126
32120111
32120103
32120079
32120069
32120044
32120026
32120024
32120017
32120007
32120003
32119997
32119994
32119992
32119978
32119974
32119967
32119964
32119963
32119962
32119960
32119952
32119950
32119947
32119945
32119944
32119934
32119933
32119919
32119914
32119906
32119900
32119878
32119875
32119874
32119873
32119870
32119864
32119863
32119862
32119847
32119846
32119843
32119836
32119834
32119812
32119803
32119798
32119782
32119773
32119761
32119756
32119754
32119750
32119744
32119741
32119739
32119711
32119710
32119698
32119686
32119684
32119683
32119674
32119672
32119660
32119650
32119645
32119644
32119546
32119538
32119511
32119509
32119194
32119187
32119185
32119177
32119167
32119136
32119118
32119117
32119114
32119084
32119078
32119071
32119070
32119016
32118816
32118814
32118792
32118773
32118731
32118728
32118726
32118713
32118704
32118703
32118702
32118640
32118628
32118626
32118594
32118581
32118579
32118549
32118530
32118516
32118511
32118505
32118481
32118480
32118470
32118467
32118448
32118433
32118389
32118385
32118379
32118370
32118359
32118353
32118336
32118314
32118265
32118252
32118202
32118179
32118178
32118177
32118158
32118142
32118050
32118046
32118040
32118039
32118035
32118033
32118025
32118013
32118006
32117998
32117993
32117988
32117986
32117984
32117982
32117977
32117974
32117971
32117970
32117966
32117965
32117964
32117959
32117957
32117956
32117954
32117952
32117947
32117942
32117936
32117929
32117925
32117920
32117916
32117909
32117903
32117898
32117887
32117881
32117877
32117864
32117862
32117858
32117854
32117843
32117831
32117819
32117815
32117813
32117812
32117802
32117801
32117799
32117796
32117795
32117792
32117791
32117788
32117786
32117782
32117773
32117764
32117763
32117755
32117744
32117741
32117734
32117731
32117726
32117723
32117722
32117720
32117718
32117713
32117712
32117706
32117705
32117695
32117678
32117677
32117675
32117672
32117644
32117642
32117634
32117628
32117620
32117614
32117605
32117601
32117597
32117596
32117590
32117587
32117581
32117580
32117569
32117548
32117525
32117498
32117497
32117463
32117460
32117457
32117456
32117454
32117450
32117448
32117446
32117443
32117437
32117427
32117423
32117422
32117414
32117410
32117408
32117407
32117400
32117399
32117392
32117391
32117389
32117387
32117386
32117382
32117379
32117378
32117376
32117375
32117374
32117370
32117367
32117364
32117359
32117346
32117345
32117344
32117332
32117324
32117322
32117321
32117320
32117318
32117314
32117307
32117301
32117294
32117292
32117290
32117288
32117286
32117281
32117272
32117266
32117264
32117260
32117257
32117252
32117246
32117243
32117239
32117236
32117235
32117234
32117232
32117227
32117226
32117224
32117221
32117217
32117213
32117212
32117210
32117207
32117203
32117201
32117196
32117194
32117189
32117186
32117182
32117180
32117174
32117172
32117167
32117163
32117160
32117159
32117146
32117143
32117140
32117138
32117137
32117127
32117125
32117123
32117122
32117121
32117120
32117116
32117109
32117098
32117097
32117091
32117090
32117089
32117088
32117081
32117077
32117066
32117064
32117057
32117046
32117034
32117030
32117029
32117023
32117013
32117011
32117005
32116987
32116982
32116834
32116799
32116792
32116791
32116788
32116787
32116786
32116783
32116781
32116780
32116779
32116774
32116771
32116767
32116763
32116760
32116757
32116753
32116751
32116750
32116749
32116746
32116740
32116733
32116717
32116715
32116712
32116711
32116705
32116702
32116697
32116693
32116692
32116684
32116679
32116678
32116675
32116668
32116664
32116661
32116659
32116652
32116644
32116640
32116639
32116575
32116566
32116562
32116560
32116558
32116557
32116552
32116545
32116544
32116541
32116538
32116535
32116527
32116515
32116510
32116509
32116502
32116490
32116423
32116419
32116417
32116386
32116385
32116374
32116359
32116357
32116354
32116353
32116352
32116351
32116328
32116318
32116296
32116294
32116290
32116289
32116255
32116254
32116251
32116244
32116238
32116237
32116236
32116234
32116227
32116225
32116224
32116223
32116210
32116206
32116201
32116197
32116195
32116190
32116188
32116187
32116151
32116145
32116136
32116131
32116130
32116124
32116123
32116114
32116109
32116108
32116096
32116095
32116088
32116085
32116078
32116077
32116076
32116070
32116063
32116044
32116023
32116021
32116019
32116017
32116016
32116003
32115966
32115946
32115940
32115932
32115927
32115925
32115912
32115910
32115909
32115900
32115899
32115881
32115876
32115872
32115863
32115853
32115850
32115830
32115816
32115804
32115801
32115798
32115771
32115763
32115754
32115750
32115743
32115737
32115736
32115726
32115713
32115712
32115705
32115699
32115690
32115688
32115676
32115674
32115672
32115669
32115644
32115640
32115637
32115622
32115614
32115612
32115603
32115559
32115557
32115551
32115549
32115548
32115543
32115531
32115530
32115529
32115528
32115526
32115519
32115509
32115506
32115505
32115503
32115502
32115500
32115498
32115497
32115494
32115492
32115487
32115459
32115454
32115452
32115449
32115447
32115444
32115437
32115426
32115405
32115404
32115365
32115343
32115295
32115276
32115260
32115246
32115240
32115206
32115152
32115151
32115149
32115064
32115042
32115039
32115038
32115035
32115032
32115031
32115029
32114997
32114907
32114892
32114843
32114761
32114742
32114740
32114738
32114729
32114728
32114715
32114685
32114684
32114678
32114677
32114674
32114668
32114648
32114635
32114594
32114591
32114589
32114587
32114573
32114569
32114521
32114520
32114514
32114511
32114505
32114501
32114499
32114459
32114451
32114448
32114447
32114444
32114442
32114441
32114439
32114438
32114437
32114435
32114433
32114429
32114428
32114426
32114423
32114414
32114413
32114407
32114400
32114389
32114386
32114384
32114379
32114373
32114369
32114320
32114317
32114311
32114297
32114296
32114285
32114281
32114272
32114262
32114254
32114253
32114252
32114250
32114249
32114244
32114228
32114218
32114196
32114167
32114163
32114154
32114153
32114121
32114116
32114102
32114101
32114099
32114098
32114097
32114092
32114079
32114026
32114025
32114022
32114020
32114003
32114002
32114001
32113998
32113990
32113985
32113984
32113979
32113968
32113957
32113955
32113953
32113938
32113911
32113906
32113875
32113874
32113861
32113857
32113856
32113849
32113846
32113843
32113830
32113814
32113807
32113804
32113778
32113777
32113776
32113775
32113774
32113768
32113766
32113764
32113759
32113755
32113752
32113707
32113689
32113687
32113686
32113684
32113683
32113682
32113681
32113680
32113679
32113678
32113667
32113655
32113649
32113637
32113623
32113608
32113560
32113558
32113556
32113553
32113469
32113361
32113345
32113227
32113179
32113164
32113162
32113161
32113159
32113150
32113145
32113140
32113138
32113133
32113131
32113126
32113117
32113105
32113099
32113084
32113082
32113062
32113054
32113052
32113042
32113039
32113022
32113016
32113006
32112992
32112990
32112989
32112987
32112985
32112979
32112948
32112918
32112906
32112903
32112899
32112892
32112890
32112888
32112884
32112883
32112876
32112869
32112856
32112855
32112850
32112848
32112844
32112840
32112835
32112829
32112825
32112823
32112822
32112814
32112810
32112809
32112804
32112800
32112796
32112783
32112740
32112719
32112711
32112706
32112696
32112656
32112655
32112654
32112644
32112635
32112607
32112601
32112590
32112584
32112582
32112578
32112576
32112567
32112565
32112562
32112554
32112553
32112551
32112535
32112523
32112520
32112509
32112503
32112499
32112494
32112488
32112484
32112472
32112452
32112442
32112435
32112434
32112431
32112430
32112420
32112410
32112408
32112403
32112401
32112396
32112380
32112378
32112371
32112362
32112361
32112348
32112337
32112335
32112334
32112333
32112332
32112331
32112330
32112329
32112328
32112327
32112326
32112325
32112324
32112323
32112322
32112321
32112320
32112319
32112318
32112317
32112315
32112314
32112313
32112312
32112311
32112301
32112287
32112267
32112264
32112257
32112256
32112228
32112190
32112176
32112175
32112174
32112172
32112145
32112137
32112124
32112123
32112120
32112111
32112105
32112093
32112090
32112084
32112081
32112078
32112075
32111982
32111979
32111972
32111964
32111951
32111945
32111942
32111940
32111934
32111926
32111925
32111914
32111885
32111884
32111883
32111879
32111878
32111877
32111874
32111871
32111854
32111841
32111840
32111832
32111831
32111826
32111823
32111816
32111810
32111809
32111799
32111775
32111763
32111759
32111757
32111753
32111749
32111743
32111742
32111741
32111740
32111739
32111738
32111737
32111736
32111735
32111734
32111729
32111723
32111722
32111704
32111700
32111699
32111696
32111670
32111666
32111664
32111652
32111651
32111635
32111619
32111590
32111587
32111525
32111506
32111501
32111500
32111499
32111498
32111494
32111490
32111475
32111448
32111437
32111400
32111354
32111353
32111338
32111337
32111335
32111334
32111333
32111330
32111322
32111321
32111317
32111315
32111309
32111304
32111303
32111300
32111298
32111281
32111257
32111241
32111234
32111231
32111229
32111227
32111216
32111213
32111211
32111210
32111194
32111180
32111164
32111163
32111154
32111151
32111138
32111134
32111106
32111103
32111101
32111097
32111094
32111089
32111087
32111081
32111077
32111072
32111071
32111065
32111064
32111060
32111059
32111042
32111039
32111038
32111037
32111036
32111034
32111032
32111029
32111016
32111015
32111007
32111006
32111004
32110997
32110996
32110995
32110991
32110989
32110987
32110983
32110981
32110969
32110961
32110952
32110948
32110947
32110943
32110933
32110930
32110921
32110899
32110894
32110879
32110865
32110860
32110848
32110839
32110834
32110828
32110827
32110817
32110810
32110802
32110797
32110793
32110782
32110774
32110744
32110738
32110667
32110624
32110607
32110577
32110528
32110512
32110496
32110488
32110485
32110479
32110403
32110387
32110385
32110380
32110379
32110368
32110356
32110345
32110335
32110329
32110315
32110307
32110294
32110292
32110281
32110277
32110276
32110192
32110174
32110169
32110105
32110098
32110097
32110096
32110093
32110090
32110087
32110085
32110084
32110079
32110059
32110058
32110054
32110051
32110050
32110049
32110048
32110046
32110044
32110043
32110040
32110039
32110027
32110010
32109994
32109988
32109944
32109943
32109929
32109901
32109897
32109896
32109885
32109873
32109854
32109848
32109847
32109845
32109818
32109778
32109764
32109763
32109742
32109727
32109724
32109701
32109689
32109687
32109681
32109680
32109675
32109669
32109654
32109648
32109634
32109626
32109614
32109613
32109611
32109610
32109609
32109608
32109607
32109606
32109603
32109602
32109580
32109572
32109570
32109566
32109555
32109552
32109550
32109549
32109534
32109527
32109518
32109515
32109514
32109506
32109505
32109502
32109492
32109489
32109484
32109480
32109476
32109475
32109474
32109443
32109420
32109415
32109412
32109385
32109384
32109380
32109376
32109375
32109374
32109369
32109368
32109366
32109365
32109359
32109357
32109354
32109353
32109352
32109350
32109348
32109340
32109339
32109333
32109325
32109317
32109309
32109288
32109278
32109262
32109259
32109245
32109243
32109241
32109230
32109205
32109204
32109198
32109154
32109150
32109149
32109147
32109146
32109144
32109070
32109059
32109058
32109052
32109010
32109007
32108992
32108991
32108987
32108985
32108958
32108956
32108934
32108931
32108923
32108901
32108899
32108870
32108861
32108855
32108849
32108844
32108840
32108838
32108722
32108680
32108679
32108644
32108587
32108586
32108578
32108573
32108566
32108551
32108549
32108543
32108533
32108532
32108526
32108493
32108482
32108479
32108477
32108472
32108451
32108450
32108449
32108448
32108442
32108434
32108430
32108428
32108427
32108424
32108395
32108382
32108379
32108378
32108372
32108369
32108357
32108342
32108339
32108318
32108313
32108297
32108293
32108290
32108286
32108285
32108264
32108259
32108249
32108239
32108237
32108236
32108212
32108191
32108178
32108166
32108164
32108156
32108151
32108142
32108139
32108138
32108112
32108043
32108042
32108036
32108035
32108032
32108029
32108028
32108025
32108008
32107969
32107968
32107919
32107908
32107876
32107872
32107861
32107856
32107853
32107843
32107841
32107839
32107799
32107786
32107769
32107753
32107749
32107714
32107702
32107701
32107699
32107688
32107682
32107666
32107663
32107645
32107629
32107628
32107607
32107564
32107550
32107545
32107542
32107535
32107512
32107503
32107482
32107477
32107467
32107448
32107436
32107417
32107410
32107397
32107394
32107390
32107387
32107376
32107363
32107313
32107312
32107310
32107309
32107308
32107283
32107279
32107278
32107274
32107256
32107180
32107174
32107129
32107104
32107080
32107072
32107064
32107059
32107047
32107025
32107022
32107019
32107018
32107006
32107004
32107003
32107002
32106990
32106944
32106883
32106863
32106857
32106848
32106828
32106822
32106805
32106804
32106802
32106786
32106756
32106752
32106727
32106715
32106705
32106694
32106676
32106661
32106660
32106652
32106651
32106650
32106648
32106646
32106645
32106644
32106643
32106642
32106631
32106628
32106625
32106624
32106617
32106616
32106613
32106604
32106598
32106596
32106593
32106588
32106582
32106575
32106572
32106567
32106561
32106553
32106550
32106542
32106541
32106538
32106527
32106523
32106513
32106507
32106493
32106478
32106476
32106460
32106459
32106439
32106431
32106420
32106418
32106407
32106406
32106405
32106393
32106388
32106386
32106385
32106384
32106381
32106380
32106379
32106377
32106376
32106375
32106374
32106370
32106369
32106368
32106366
32106365
32106359
32106352
32106337
32106336
32106333
32106311
32106300
32106295
32106291
32106287
32106280
32106268
32106265
32106258
32106239
32106235
32106182
32106121
32106116
32106110
32106109
32106065
32106063
32106060
32106059
32106058
32106038
32106037
32106033
32106002
32105991
32105990
32105978
32105962
32105948
32105945
32105942
32105903
32105888
32105868
32105865
32105863
32105854
32105852
32105850
32105841
32105827
32105826
32105825
32105816
32105815
32105812
32105811
32105807
32105794
32105764
32105763
32105762
32105761
32105759
32105756
32105750
32105749
32105747
32105741
32105738
32105737
32105736
32105734
32105731
32105730
32105729
32105725
32105718
32105709
32105706
32105703
32105700
32105698
32105696
32105693
32105681
32105677
32105676
32105672
32105666
32105665
32105664
32105662
32105658
32105657
32105651
32105634
32105631
32105605
32105570
32105567
32105543
32105521
32105519
32105516
32105483
32105476
32105474
32105473
32105468
32105465
32105459
32105451
32105449
32105448
32105446
32105444
32105442
32105441
32105439
32105423
32105419
32105417
32105414
32105413
32105410
32105403
32105402
32105387
32105377
32105366
32105362
32105361
32105335
32105327
32105323
32105317
32105310
32105306
32105286
32105271
32105248
32105247
32105215
32105197
32105161
32105160
32105156
32105090
32105074
32105067
32105057
32105056
32104998
32104995
32104975
32104972
32104964
32104951
32104945
32104942
32104922
32104919
32104913
32104911
32104903
32104902
32104901
32104886
32104883
32104881
32104874
32104873
32104861
32104855
32104841
32104827
32104824
32104807
32104752
32104748
32104746
32104728
32104717
32104716
32104714
32104712
32104700
32104698
32104696
32104694
32104691
32104684
32104680
32104647
32104613
32104611
32104603
32104594
32104547
32104546
32104542
32104538
32104537
32104535
32104532
32104530
32104528
32104520
32104517
32104508
32104504
32104503
32104500
32104488
32104463
32104451
32104441
32104438
32104436
32104302
32104300
32104299
32104297
32104295
32104293
32104290
32104289
32104285
32104283
32104282
32104280
32104279
32104278
32104276
32104274
32104271
32104269
32104267
32104262
32104259
32104252
32104251
32104249
32104246
32104244
32104241
32104239
32104238
32104237
32104236
32104234
32104233
32104232
32104227
32104224
32104223
32104221
32104219
32104199
32104198
32104195
32104194
32104192
32104178
32104151
32104148
32104112
32104095
32104094
32104084
32104082
32104080
32104066
32104056
32104045
32104036
32104030
32104018
32104005
32104001
32103999
32103997
32103996
32103995
32103994
32103993
32103992
32103989
32103987
32103984
32103983
32103980
32103966
32103954
32103946
32103930
32103904
32103902
32103900
32103897
32103895
32103875
32103870
32103869
32103820
32103793
32103785
32103780
32103777
32103758
32103747
32103692
32103677
32103675
32103665
32103628
32103619
32103608
32103604
32103600
32103597
32103583
32103565
32103543
32103528
32103527
32103519
32103518
32103509
32103508
32103499
32103492
32103491
32103469
32103462
32103450
32103444
32103436
32103429
32103426
32103424
32103411
32103382
32103377
32103349
32103339
32103309
32103293
32103267
32103263
32103244
32103235
32103185
32103180
32103179
32103178
32103174
32103170
32103143
32103137
32103135
32103114
32103106
32103104
32103096
32103094
32103081
32103077
32103072
32103065
32103051
32103036
32103024
32103010
32103006
32103002
32103000
32102997
32102993
32102992
32102990
32102983
32102977
32102975
32102972
32102971
32102970
32102945
32102938
32102937
32102936
32102934
32102932
32102931
32102917
32102913
32102897
32102886
32102883
32102881
32102879
32102878
32102877
32102876
32102851
32102850
32102849
32102848
32102847
32102845
32102842
32102838
32102837
32102833
32102832
32102801
32102800
32102783
32102776
32102775
32102774
32102773
32102755
32102753
32102752
32102751
32102684
32102681
32102677
32102673
32102666
32102665
32102608
32102596
32102592
32102582
32102576
32102552
32102537
32102522
32102520
32102518
32102517
32102516
32102514
32102511
32102509
32102502
32102500
32102486
32102485
32102473
32102470
32102459
32102454
32102453
32102444
32102436
32102434
32102432
32102426
32102425
32102413
32102395
32102391
32102389
32102381
32102377
32102369
32102364
32102361
32102353
32102349
32102348
32102332
32102326
32102323
32102319
32102312
32102309
32102285
32102282
32102251
32102248
32102244
32102240
32102236
32102230
32102223
32102221
32102220
32102218
32102213
32102193
32102192
32102186
32102181
32102173
32102128
32102115
32101975
32101952
32101907
32101893
32101891
32101879
32101878
32101876
32101872
32101865
32101846
32101840
32101839
32101838
32101837
32101829
32101787
32101786
32101775
32101773
32101772
32101771
32101763
32101762
32101760
32101757
32101755
32101754
32101753
32101751
32101748
32101746
32101745
32101742
32101741
32101739
32101738
32101728
32101714
32101705
32101702
32101700
32101678
32101677
32101676
32101675
32101674
32101673
32101672
32101633
32101583
32101582
32101576
32101570
32101557
32101556
32101552
32101520
32101482
32101481
32101459
32101451
32101450
32101444
32101441
32101435
32101414
32101406
32101405
32101404
32101399
32101394
32101383
32101380
32101377
32101365
32101357
32101313
32101310
32101300
32101299
32101291
32101290
32101277
32101243
32101232
32101223
32101209
32101205
32101171
32101168
32101167
32101166
32101165
32101163
32101157
32101156
32101154
32101139
32101136
32101134
32101127
32101126
32101124
32101123
32101122
32101119
32101117
32101077
32101072
32101070
32101066
32101039
32101033
32101030
32101022
32101017
32101007
32100997
32100991
32100973
32100971
32100960
32100957
32100928
32100920
32100911
32100892
32100889
32100883
32100877
32100873
32100872
32100852
32100822
32100812
32100807
32100787
32100784
32100783
32100723
32100712
32100705
32100702
32100701
32100697
32100688
32100678
32100658
32100654
32100651
32100629
32100626
32100625
32100595
32100577
32100557
32100530
32100506
32100505
32100476
32100475
32100455
32100453
32100397
32100392
32100381
32100377
32100373
32100342
32100338
32100313
32100305
32100289
32100288
32100258
32100248
32100243
32100239
32100233
32100231
32100210
32100190
32100164
32100138
32100137
32100129
32100123
32100120
32100115
32100078
32100075
32100029
32100026
32100005
32099988
32099985
32099983
32099982
32099970
32099953
32099951
32099945
32099918
32099899
32099873
32099860
32099853
32099831
32099818
32099761
32099751
32099748
32099730
32099721
32099678
32099667
32099647
32099640
32099638
32099628
32099617
32099613
32099604
32099599
32099594
32099593
32099589
32099557
32099534
32099533
32099532
32099528
32099527
32099526
32099499
32099495
32099485
32099474
32099466
32099461
32099448
32099444
32099441
32099432
32099428
32099423
32099415
32099407
32099406
32099405
32099402
32099399
32099398
32099397
32099392
32099387
32099385
32099380
32099373
32099370
32099369
32099365
32099364
32099356
32099344
32099332
32099325
32099273
32099262
32099069
32099064
32099058
32099055
32099040
32099033
32099016
32099012
32099006
32098997
32098994
32098989
32098985
32098981
32098978
32098969
32098964
32098963
32098961
32098955
32098947
32098921
32098920
32098919
32098918
32098917
32098916
32098913
32098911
32098904
32098902
32098874
32098873
32098872
32098869
32098855
32098846
32098845
32098843
32098836
32098834
32098828
32098826
32098823
32098822
32098818
32098816
32098814
32098812
32098800
32098784
32098782
32098781
32098777
32098768
32098765
32098764
32098761
32098759
32098704
32098696
32098686
32098674
32098648
32098619
32098615
32098612
32098603
32098588
32098557
32098546
32098538
32098492
32098455
32098452
32098451
32098445
32098437
32098429
32098425
32098424
32098419
32098410
32098409
32098405
32098402
32098401
32098385
32098384
32098370
32098365
32098364
32098353
32098349
32098344
32098334
32098331
32098321
32098315
32098298
32098295
32098294
32098281
32098280
32098278
32098273
32098271
32098269
32098260
32098259
32098256
32098246
32098245
32098204
32098203
32098201
32098200
32098199
32098197
32098194
32098185
32098178
32098172
32098170
32098149
32098146
32098134
32098132
32098131
32098126
32098122
32098116
32098115
32098112
32098104
32098081
32098078
32098073
32098071
32098067
32098061
32098059
32098056
32098052
32098051
32098047
32098045
32098023
32098004
32098002
32097973
32097969
32097949
32097941
32097913
32097912
32097886
32097885
32097875
32097865
32097847
