32142217
32142004
32141848
32141812
32141384
32141020
32140837
32140706
32140657
32140391
32140261
32139608
32139561
32139555
32138741
32138740
32138728
32138667
32138309
32138199
32135487
32135031
32134909
32134489
32134488
32134116
32134019
32133670
32133304
32133152
32133000
32132985
32132243
32132241
32132236
32132233
32132163
32131957
32131750
32130976
32130898
32130784
32130489
32130408
32130243
32130210
32130209
32129923
32129921
32129636
32129566
32129506
32129496
32129478
32129184
32129120
32128903
32128704
32128332
32128327
32128257
32128095
32127779
32127714
32127475
32127461
32127386
32127225
32127125
32126303
32126295
32126262
32126095
32126086
32126080
32125524
32125476
32125285
32125280
32124320
32123856
32123831
32123646
32123643
32123282
32123088
32122616
32122600
32122589
32122586
32122456
32121590
32121543
32121419
32121397
32121393
32121327
32121320
32121200
32121192
32121161
32121102
32121094
32121078
32120040
32120036
32119992
32119980
32119956
32119836
32119701
32119691
32118855
32118737
32118732
32118531
32118346
32118054
32118006
32117974
32117946
32117809
32117806
32117800
32117590
32117392
32117235
32117232
32117201
32117185
32117168
32117163
32117160
32117156
32117097
32116148
32114504
32114393
32114255
32114194
32113806
32113158
32113136
32113054
32112757
32112526
32112072
32111969
32111811
32111690
32111443
32111366
32111365
32111361
32111305
32111073
32111001
32110999
32110981
32110065
32109781
32109567
32108996
32108992
32108950
32108675
32107651
32107394
32106890
32106614
32106582
32106574
32106549
32106525
32106246
32106218
32106216
32105764
32105634
32105625
32105604
32105319
32104213
32103898
32103775
32103509
32103340
32103178
32103028
32102884
32102881
32102877
32102857
32102830
32102816
32102782
32102547
32102425
32102257
32102228
32101770
32101729
32101614
32101596
32101078
32100877
32100852
32100705
32100659
32100261
32100258
32099910
32099667
32099651
32099650
32099617
32099569
32099561
32099358
32098969
32098814
32098056
32097837
32097670
32097428
32097124
32097085
32096698
32096476
32096473
32096288
32096061
32095616
32095142
32095141
32095042
32094589
32094421
32094387
32094150
32094131
32094125
32093758
32093748
32093731
32093516
32093366
32093360
32093320
32093317
32093105
32093076
32093070
32092889
32092860
32092366
32092361
32092305
32092124
32091514
32091486
32090924
32090869
32090689
32090684
32090261
32089983
32089813
32089664
32089391
32088772
32088701
32088693
32088277
32087815
32087733
32087680
32087371
32087369
32087347
32087334
32087191
32087189
32087125
32086983
32086956
32086940
32086741
32086422
32086053
32084506
32084389
32084214
32084127
32084055
32083983
32083903
32083638
32083192
32083080
32083040
32082513
32082411
32082312
32082301
32082293
32082268
32082263
32081658
32081591
32081417
32081050
32081010
32080902
32080323
32080319
32079747
32079505
32079470
32079454
32079312
32079128
32079091
32078815
32078666
32078591
32078405
32078048
32078045
32077604
32077512
32076641
32076025
32075935
32075786
32075764
32075763
32075743
32075737
32075736
32075725
32075244
32074965
32074707
32074705
32074517
32074516
32074279
32074143
32074098
32074086
32073629
32073421
32073164
32073036
32072995
32072569
32072465
32072398
32071972
32071450
32071448
32071447
32071443
32071269
32071095
32070701
32070688
32070674
32070390
32070289
32070282
32069326
32069265
32069252
32068854
32068495
32068487
32068391
32068071
32067976
32067801
32067444
32067146
32067109
32067084
32066961
32066776
32066514
32066473
32065992
32065579
32065330
32065315
32065173
32065160
32065057
32065055
32064671
32064271
32064120
32064103
32064096
32063887
32062928
32062907
32062837
32062411
32061936
32061897
32061880
32061877
32061815
32061739
32061677
32061619
32061325
32060795
32060789
32060753
32060513
32060493
32060420
32060313
32060133
32060103
32059794
32059508
32059431
32059176
32059024
32058677
32058201
32058086
32057788
32057776
32057771
32057770
32057767
32057569
32057299
32057111
32056848
32056847
32056846
32056845
32056844
32056843
32056842
32056841
32056718
32056717
32056716
32056715
32056714
32056713
32056712
32056711
32056710
32056709
32056708
32056669
32056668
32056667
32056666
32056553
32056452
32056249
32056235
32055962
32055843
32054835
32054787
32054769
32054443
32054060
32054016
32053954
32053790
32053789
32053784
32053674
32053638
32053593
32053579
32053513
32053437
32053203
32052490
32052221
32051581
32051337
32051288
32051272
32051271
32051237
32051021
32051017
32051010
32051006
32050986
32050970
32050905
32050709
32050567
32050460
32050283
32050030
32049898
32049815
32049783
32049680
32049556
32049390
32049052
32049017
32049016
32049004
32048956
32048891
32048826
32048629
32048625
32048160
32047948
32047480
32047315
32047314
32047311
32047258
32047230
32046929
32046818
32046815
32046722
32046662
32046661
32046345
32046307
32046304
32046251
32046182
32045697
32045654
32045645
32045455
32045417
32045386
32045377
32044897
32043610
32043531
32043412
32043365
32043191
32042933
32042848
32042107
32041945
32041622
32041569
32041425
32040898
32040547
32040513
32040506
32040501
32040093
32039390
32039053
32038660
32038533
32038510
32038167
32037539
32037094
32036652
32036540
32036450
32036434
32035997
32035545
32035400
32035270
32035122
32035028
32034998
32034983
32034850
32034637
32034473
32034284
32034188
32034180
32034179
32034147
32033997
32033622
32033530
32033497
32033370
32033244
32033216
32033101
32032682
32032647
32032615
32032614
32031635
32031626
32031540
32031528
32031285
32031234
32031190
32030704
32030652
32030535
32029759
32029567
32029320
32028684
32028569
32028555
32027631
32027332
32027251
32027170
32026650
32026636
32026534
32026198
32025868
32025866
32025822
32025706
32025335
32025314
32025001
32024941
32024778
32024777
32024732
32024703
32024521
32024265
32023902
32023775
32023695
32023667
32023664
32023489
32023470
32023469
32023376
32023284
32022853
32022658
32022606
32022426
32022169
32021383
32021326
32021125
32021124
32020836
32020226
32020126
32020116
32020104
32020052
32020034
32020029
32019901
32019780
32019558
32019500
32019478
32019103
32019076
32017984
32017863
32017805
32017766
32017359
32017353
32017290
32017010
32016718
32016546
32016503
32016349
32016128
32016017
32015951
32015557
32015556
32015507
32015147
32015126
32014922
32014658
32014116
32014035
32013921
32013893
32013873
32013817
32013784
32013776
32013767
32013228
32013223
32013152
32013144
32012818
32012771
32012760
32012494
32012280
32012176
32012162
32011464
32011461
32011312
32011232
32010272
32010172
32010105
32009553
32009360
32009301
32009228
32009165
32009000
32008996
32008794
32008121
32007844
32007841
32007705
32007525
32007448
32007151
32007145
32007143
32006694
32006634
32006425
32006218
32005959
32005884
32005873
32005675
32005482
32005257
32005086
32004758
32004757
32004688
32004513
32004464
32003709
32003340
32003338
32003322
32003046
32002817
32002667
32002146
32001700
32001572
32001562
32001525
32001386
32001321
32001210
32000795
32000689
31999732
31999661
31999500
31997820
31997563
31997262
31997000
31996843
31996459
31996429
31996426
31996422
31996413
31996124
31995746
31995572
31995566
31995408
31995007
31994701
31994628
31994489
31994314
31993973
31993873
31993324
31993237
31993204
31993079
31993031
31993021
31992954
31992894
31992886
31992880
31992813
31992748
31992728
31992405
31992392
31992390
31992387
31992178
31991673
31991629
31991588
31991148
31990997
31989722
31989374
31988971
31988457
31988383
31988118
31987960
31987689
31987209
31987035
31985814
31985731
31985697
31985123
31984558
31983039
31982944
31982604
31982092
31981949
31981930
31981671
31981495
31981424
31981244
31981229
31981228
31981224
31980941
31980940
31980939
31980938
31980937
31980528
31980459
31980305
31980012
31979296
31979145
31979056
31979013
31979012
31978985
31978945
31978633
31978611
31978513
31978413
31978405
31978293
31978256
31978082
31977634
31977345
31977149
31976521
31975436
31975395
31974608
31974453
31974171
31972325
31972321
31972317
31972316
31972306
31972247
31972076
31971979
31971935
31971928
31971313
31970702
31970117
31969751
31969714
31969530
31969486
31969440
31969433
31969318
31969245
31969147
31969140
31968613
31968537
31968250
31968223
31968013
31967789
31967734
31967431
31967327
31967302
31967209
31966079
31965314
31965110
31965087
31965062
31964943
31964792
31964731
31964653
31964651
31964649
31964463
31964364
31964246
31963790
31963635
31963539
31963532
31963517
31963512
31963400
31963276
31963173
31963122
31962161
31962066
31962065
31961874
31961862
31961791
31961788
31960585
31960157
31959994
31959351
31959116
31959091
31959038
31958542
31958450
31958449
31958125
31958050
31957936
31957664
31957663
31957662
31957661
31957554
31957543
31957260
31957253
31957057
31956551
31956262
31955809
31955622
31955521
31955476
31955385
31955360
31955099
31954742
31954734
31954596
31954315
31954207
31954123
31953865
31953585
31953221
31953166
31953104
31953031
31952923
31952524
31952516
31952436
31952352
31952213
31952199
31951644
31951330
31951121
31951098
31951017
31951011
31950591
31950525
31950289
31949213
31949044
31948817
31948728
31948429
31947836
31947727
31947694
31947643
31947588
31947561
31947217
31945138
31945035
31944659
31944355
31944314
31944312
31944306
31944286
31944181
31944129
31943461
31943220
31943075
31943071
31942944
31942645
31942619
31941886
31941788
31941783
31941775
31941774
31941771
31941534
31941264
31941263
31941258
31941257
31941235
31941125
31940824
31940815
31940495
31940478
31940474
31940403
31939738
31939615
31939393
31939392
31938839
31937976
31937644
31937412
31937280
31937256
31936859
31936505
31936186
31936167
31936115
31935717
31935565
31935542
31935535
31935504
31935442
31935327
31935222
31935196
31935180
31934825
31934806
31934693
31934655
31934366
31934364
31934358
31934163
31932713
31932599
31932534
31932383
31932378
31932359
31932164
31932135
31931793
31931261
31931044
31930677
31930543
31930340
31930132
31929704
31929584
31929566
31929001
31929000
31928999
31928998
31928997
31928996
31928835
31928696
31928491
31927635
31927348
31927073
31926540
31926539
31926530
31926510
31926509
31926508
31926506
31926495
31926493
31925967
31925797
31925543
31925300
31924799
31924550
31924548
31924475
31924245
31924208
31924186
31924172
31924162
31924007
31923670
31923213
31922948
31922125
31921962
31921914
31921823
31921732
31921354
31921215
31921203
31921191
31921179
31921139
31921066
31921048
31921004
31919899
31919874
31919592
31919376
31919360
31919148
31918216
31917969
31917817
31917639
31917450
31916929
31916206
31916023
31916022
31915881
31915831
31915816
31915713
31915293
31915288
31915283
31915278
31915277
31915231
31914833
31914800
31914785
31914781
31914779
31914772
31914681
31914638
31914575
31914411
31914248
31914220
31914021
31914019
31914015
31914002
31913767
31913766
31913126
31912960
31912676
31912293
31911610
31911577
31911496
31911293
31911147
31911054
31910759
31910162
31910089
31909551
31909202
31908474
31908209
31907615
31907521
31907375
31907297
31906866
31906752
31906571
31906495
31906465
31906351
31905993
31905983
31905844
31905741
31905661
31905230
31905218
31905100
31904586
31904564
31904531
31904319
31904269
31903833
31903816
31903720
31903267
31902498
31902489
31902354
31902313
31902236
31902137
31902017
31901762
31901242
31900872
31900556
31900458
31900319
31899336
31899205
31898666
31898348
31898224
31898207
31897726
31897487
31897300
31896744
31896634
31896629
31896598
31896597
31896596
31896589
31896581
31896578
31895828
31895791
31895784
31895530
31895143
31894559
31894416
31892975
31892374
31892311
31892307
31891795
31890962
31890812
31889816
31889417
31889135
31888694
31888676
31888669
31888512
31888503
31888254
31888090
31887986
31887664
31887661
31887215
31887138
31887118
31886921
31886457
31885733
31885709
31885333
31885318
31885313
31885311
31885146
31885050
31884977
31884439
31884168
31884102
31883160
31883139
31883119
31883091
31883083
31882888
31882881
31882812
31882737
31882535
31882418
31882401
31882361
31882298
31881976
31881924
31881798
31881554
31881489
31881234
31881074
31880982
31880889
31880877
31880740
31880066
31879745
31879584
31879527
31879355
31879324
31879243
31879123
31879084
31878859
31878133
31878072
31878069
31878033
31877989
31877196
31877142
31877132
31877113
31876729
31876616
31876614
31876486
31876435
31876329
31876257
31875683
31875608
31875295
31875249
31875246
31875228
31875205
31875016
31874836
31874193
31874146
31874074
31873767
31873766
31873749
31873071
31872438
31872420
31872235
31872217
31871605
31871477
31871463
31871459
31871242
31871235
31871230
31871229
31871089
31871086
31870971
31870907
31870762
31870551
31870539
31869594
31869419
31869393
31869342
31869328
31868882
31868873
31868180
31867931
31867929
31867926
31867617
31867602
31867449
31867347
31867345
31867078
31867020
31867011
31867010
31866968
31866963
31866959
31866632
31866566
31866425
31866063
31865676
31865675
31865674
31865471
31865470
31865415
31864844
31864741
31864717
31864417
31864292
31863984
31863876
31863794
31863653
31863581
31863580
31863579
31863400
31863357
31863266
31863265
31863264
31863263
31862949
31862858
31862485
31862308
31861837
31861547
31861543
31861176
31861022
31860977
31860956
31860951
31860677
31860172
31859991
31859982
31859936
31859843
31859798
31859771
31859767
31859613
31859612
31859605
31859260
31858912
31858795
31858457
31858455
31857728
31857584
31857488
31857134
31856906
31856881
31856758
31856740
31856411
31856258
31856234
31856227
31856218
31856206
31855464
31855322
31855321
31854469
31853643
31853532
31852899
31852865
31852804
31852793
31852792
31852782
31852462
31852269
31852119
31851918
31851912
31851683
31850903
31850615
31850266
31850147
31849990
31849987
31849947
31849913
31849904
31849894
31849658
31849290
31849182
31848887
31848707
31848706
31848683
31848653
31848287
31848286
31848275
31846962
31846744
31846417
31846416
31845989
31845904
31845505
31845495
31845350
31845156
31845155
31845153
31845152
31845151
31845150
31845111
31844838
31844722
31844692
31844690
31844662
31844599
31844296
31844270
31843890
31843889
31843887
31843456
31843020
31842935
31842601
31842600
31842584
31842407
31841641
31841561
31841560
31841359
31841129
31840920
31840833
31840214
31840113
31839979
31839904
31839710
31839464
31839333
31838858
31838818
31838816
31838022
31837702
31837485
31837375
31837268
31837101
31836957
31836806
31836763
31836755
31836679
31836663
31836420
31836302
31836263
31836247
31836191
31836056
31836017
31835635
31835577
31835559
31834989
31834964
31834912
31834896
31834559
31834526
31834525
31834330
31833744
31833564
31833428
31833228
31832864
31832618
31832485
31832440
31832109
31832044
31831957
31831955
31831933
31831806
31831616
31831564
31830990
31830799
31830622
31830143
31830142
31830135
31830128
31829956
31829952
31829496
31829464
31829425
31829241
31828958
31828886
31828683
31828587
31828586
31828511
31828510
31828508
31828322
31827599
31827542
31827396
31827195
31827152
31826997
31826996
31826992
31826989
31826984
31826935
31826871
31826845
31826844
31826843
31826842
31826841
31826808
31826721
31826428
31826129
31825972
31825110
31824966
31824751
31824586
31824486
31824478
31824476
31824465
31824450
31823481
31823287
31823247
31823012
31823011
31822703
31822584
31822339
31822287
31821893
31821880
31821843
31821842
31821736
31821558
31821536
31821189
31821105
31820871
31820591
31820101
31820040
31819911
31819889
31819792
31819703
31819587
31819546
31819435
31819168
31819139
31818822
31818681
31818358
31818288
31818192
31817946
31817794
31817790
31817707
31817690
31817666
31817575
31817478
31817371
31817297
31817247
31817044
31817037
31816947
31816920
31816413
31816202
31815962
31815961
31815960
31815945
31815840
31815589
31815313
31815302
31814742
31814741
31814030
31813969
31813465
31813023
31812638
31812245
31812130
31811044
31810882
31810468
31810353
31809663
31809638
31809605
31809534
31809525
31809523
31809407
31809045
31808649
31808281
31807710
31807318
31807254
31806906
31806751
31806726
31806257
31806203
31806049
31806018
31805958
31805859
31805650
31805637
31805425
31805333
31805205
31805186
31805155
31805154
31804669
31804593
31804367
31803951
31803813
31803812
31803811
31803806
31803804
31803803
31803802
31803784
31803155
31802691
31802690
31802689
31802686
31802685
31802684
31802683
31802681
31802680
31802679
31802362
31802320
31802115
31801909
31801861
31801860
31801857
31801842
31801482
31801449
31801275
31801268
31800982
31800917
31800733
31800147
31799598
31799464
31799391
31798807
31798724
31798606
31798562
31798311
31797923
31797922
31797900
31797751
31797533
31797495
31797326
31797130
31797129
31796542
31796443
31796154
31795979
31795926
31795924
31795802
31795780
31795585
31795578
31795377
31795203
31795157
31795007
31794888
31794796
31794579
31794434
31794433
31793855
31793757
31793638
31793351
31793310
31793309
31793244
31792742
31792457
31792456
31792450
31792427
31792408
31792317
31792296
31791770
31791719
31791676
31791359
31791351
31791261
31790967
31790707
31790705
31790515
31790513
31790509
31790507
31790500
31790497
31790401
31790395
31789889
31789815
31789384
31789259
31788897
31788751
31788403
31788190
31787814
31787741
31786832
31786689
31786669
31786619
31786434
31785817
31785380
31785365
31785306
31785305
31785111
31785067
31784911
31784910
31784909
31784872
31784761
31784751
31784533
31784504
31784498
31784108
31784064
31783807
31783806
31783783
31783782
31783744
31783320
31783265
31783038
31782368
31782273
31782079
31781935
31781858
31781759
31781617
31781366
31781272
31781083
31781060
31781052
31780744
31780407
31780232
31779701
31779590
31779496
31779173
31779166
31778945
31778898
31778897
31778596
31778470
31778426
31778378
31778282
31778176
31778167
31777997
31777964
31777951
31777940
31777862
31777663
31777543
31777011
31777009
31776891
31776851
31776677
31776676
31776405
31776383
31776296
31776284
31776283
31776280
31776274
31776268
31776267
31776265
31776192
31775793
31775718
31775646
31775059
31775040
31774932
31774871
31774832
31774174
31773929
31773804
31773493
31773326
31773325
31773252
31773115
31772866
31772469
31772196
31772057
31772045
31771701
31771699
31771697
31771564
31771522
31771426
31771231
31771178
31771098
31770617
31770412
31770411
31770384
31770242
31770082
31769868
31769827
31769793
31769733
31769670
31769526
31769525
31769524
31769201
31768969
31768802
31768711
31768710
31768673
31768420
31768356
31768027
31767868
31767754
31767724
31767540
31767465
31767157
31767136
31767100
31767099
31767098
31767095
31767093
31767092
31767089
31767088
31767084
31767082
31767079
31767077
31767075
31767074
31767072
31767070
31767069
31767065
31766825
31766538
31766444
31766138
31766001
31765921
31765920
31765721
31765700
31765434
31765391
31765380
31765341
31764071
31763765
31763412
31763377
31762871
31762724
31762266
31762235
31762220
31761480
31761395
31760913
31760867
31760866
31760445
31760108
31759262
31759251
31759187
31759050
31758838
31758807
31758709
31758593
31758397
31758274
31758256
31758173
31757984
31757953
31757881
31757688
31757682
31757559
31757465
31757213
31757042
31757008
31756796
31756766
31756566
31756532
31756357
31756034
31756021
31755993
31755671
31755264
31755120
31754891
31754816
31754812
31754356
31754211
31754185
31754112
31754104
31754016
31753934
31753544
31752912
31752744
31752738
31752732
31752731
31752729
31752719
31752717
31752418
31752379
31752346
31752129
31752070
31751859
31751597
31751524
31751430
31751385
31751347
31751338
31751337
31750956
31750915
31750306
31749995
31749874
31749804
31749782
31749571
31749410
31749409
31749298
31749099
31749084
31748876
31748875
31748397
31748391
31748390
31748389
31748387
31747843
31747763
31747726
31747618
31747598
31747597
31747582
31747499
31747411
31747019
31746695
31746644
31746566
31746509
31746395
31746205
31745993
31745718
31745716
31745552
31745434
31745112
31745084
31745023
31745022
31744976
31744911
31744778
31744765
31744480
31744466
31744216
31744208
31744087
31743913
31743858
31743548
31743514
31743458
31743292
31742950
31742839
31742703
31742347
31742038
31741787
31741722
31741645
31741335
31741334
31741332
31741097
31741096
31741059
31740561
31740528
31740051
31739796
31739735
31739644
31739613
31739505
31739467
31739448
31739186
31739185
31739165
31739071
31738994
31738944
31738885
31738867
31738866
31738865
31738810
31738790
31738620
31738221
31737741
31737007
31736976
31736948
31736775
31735976
31735960
31735737
31735122
31734995
31734749
31734632
31734445
31734382
31734381
31734380
31734286
31734270
31734172
31733878
31733804
31733451
31733152
31733138
31733115
31732968
31732662
31732643
31732387
31732167
31731955
31731773
31731738
31731678
31731598
31731106
31730934
31730673
31730672
31730654
31730644
31730635
31730455
31729969
31729878
31729462
31729283
31729074
31728943
31728711
31728254
31728072
31727957
31727684
31727129
31727103
31727042
31726656
31726388
31726374
31726310
31726112
31726023
31725819
31725813
31725811
31725809
31725762
31725117
31724091
31723715
31723373
31723027
31723022
31722934
31722664
31722268
31722243
31722202
31722187
31722114
31722050
31722015
31722014
31721956
31721902
31721770
31721582
31721463
31721419
31721078
31720941
31720921
31720907
31720785
31720200
31720050
31720017
31719195
31718898
31718611
31718608
31718584
31718580
31718571
31718442
31718409
31717991
31717981
31717818
31717720
31717716
31717670
31717405
31717338
31715422
31715321
31715246
31715204
31715124
31715109
31715107
31714901
31714354
31714136
31714135
31713614
31713579
31712855
31712798
31712217
31712192
31712184
31712122
31712090
31711585
31711510
31711503
31711435
31711408
31711379
31711378
31711377
31711310
31711273
31711197
31710910
31710691
31710653
31710650
31710640
31710599
31710303
31709940
31709935
31709528
31709195
31709005
31708905
31708904
31708424
31708177
31708001
31707873
31707717
31707455
31707135
31707080
31707001
31706275
31706164
31706163
31706162
31706062
31706024
31706002
31705919
31705692
31705635
31705619
31705208
31705137
31705022
31704931
31704861
31704835
31704681
31704652
31704650
31704501
31704112
31703932
31703888
31703881
31703878
31703726
31703251
31702817
31702645
31702540
31702525
31702028
31701406
31701295
31701224
31701223
31701169
31701142
31700814
31700790
31700586
31700101
31700062
31700029
31699949
31699097
31698906
31698767
31698706
31698467
31698282
31697989
31697987
31697958
31697957
31697793
31697791
31697722
31697668
31697568
31697512
31696948
31696776
31696308
31696209
31696152
31695612
31695375
31695207
31695205
31695188
31695186
31695071
31694975
31694972
31694959
31694957
31694956
31694951
31694946
31694940
31694939
31694898
31694758
31694705
31694666
31694343
31694178
31694072
31693717
31693659
31693500
31693109
31692919
31692913
31692869
31692792
31692755
31692724
31692718
31692696
31692678
31692677
31692637
31692545
31692476
31692072
31692019
31691475
31691433
31691183
31690845
31690751
31690677
31690675
31690594
31690542
31690364
31690337
31690269
31690057
31690009
31689981
31689880
31689859
31689857
31689745
31689572
31689515
31688921
31688041
31687965
31687913
31687756
31687512
31687486
31687480
31687431
31687421
31687402
31687048
31686938
31686765
31686495
31686249
31686029
31685995
31685988
31685722
31685465
31685296
31685200
31685017
31684884
31684876
31684685
31684117
31684080
31684030
31683893
31683727
31683644
31683566
31683392
31683196
31682995
31682961
31682727
31682641
31682636
31682199
31682177
31681812
31681760
31681621
31681558
31681421
31681327
31681324
31681314
31681302
31681276
31681273
31681253
31681227
31681209
31681207
31680162
31680000
31679972
31679864
31679637
31679477
31679294
31679132
31679104
31678866
31678818
31678757
31678648
31678478
31678266
31678256
31678240
31678190
31677976
31677959
31677955
31677609
31677604
31677416
31677067
31676997
31676996
31676447
31676001
31675983
31675523
31675457
31675371
31675360
31675144
31675082
31674898
31674298
31673776
31673117
31673013
31672891
31672743
31672657
31672596
31672428
31672332
31672284
31672142
31672101
31671899
31671864
31671816
31671765
31671583
31671162
31671157
31671153
31671094
31671053
31670871
31670401
31670274
31670219
31670218
31670188
31669593
31669502
31669444
31669381
31669364
31669354
31669333
31668877
31668863
31668804
31668479
31668398
31668386
31668311
31668197
31667696
31667558
31667499
31667199
31666570
31666568
31666497
31666491
31666385
31666384
31666374
31666372
31666336
31666328
31666278
31666126
31666090
31666015
31665915
31665744
31665623
31665439
31665360
31665348
31665345
31665306
31665291
31665253
31665247
31665232
31665142
31665098
31665046
31664944
31664936
31664929
31664886
31664650
31664644
31664503
31663620
31663617
31663519
31663368
31663020
31662489
31662457
31661485
31661461
31661383
31661047
31661042
31661003
31660879
31660798
31660711
31660550
31660414
31660412
31660347
31660345
31660340
31660333
31660328
31659945
31659871
31659846
31659444
31659312
31659299
31659075
31658963
31658957
31658836
31658786
31658773
31658691
31658646
31658532
31658530
31658304
31658290
31658267
31658264
31658180
31657779
31657484
31657439
31656839
31656483
31656481
31656479
31656022
31655850
31655617
31655554
31655262
31655062
31655004
31654683
31654672
31654598
31654173
31653918
31653857
31653718
31653515
31653277
31653203
31653104
31653015
31652870
31652847
31652833
31652764
31652763
31652738
31652514
31652323
31652305
31652089
31651841
31651734
31651582
31651323
31651247
31651242
31650959
31650901
31650708
31650680
31650236
31649954
31649942
31649681
31649662
31649646
31649639
31649284
31649265
31649074
31649031
31648948
31648941
31648816
31648727
31648725
31648724
31648722
31648721
31648720
31648290
31648236
31648121
31648004
31647944
31647789
31647558
31647460
31647050
31647013
31646977
31646828
31646785
31646402
31646004
31645760
31645729
31645535
31645453
31645450
31645449
31645448
31645447
31645446
31645445
31645442
31645292
31645223
31645103
31644955
31644705
31644704
31644665
31644618
31644604
31644572
31644420
31643129
31642720
31641840
31641814
31641777
31641316
31641111
31641086
31640807
31640718
31640710
31640696
31640646
31640596
31640590
31640579
31640560
31640557
31640540
31640505
31639520
31639373
31639052
31639005
31638995
31638941
31638922
31638467
31638422
31638146
31638019
31638005
31637998
31637925
31637902
31637761
31637760
31637759
31637743
31637634
31637514
31637493
31637221
31636628
31636479
31636475
31636464
31636462
31636453
31636417
31636238
31636123
31636034
31636013
31635426
31635418
31635401
31634862
31634861
31634688
31634640
31634614
31634439
31634352
31634298
31634265
31634190
31634185
31633834
31633786
31633391
31633216
31633017
31632969
31632965
31632743
31632411
31631806
31631804
31631794
31631785
31631782
31631528
31631053
31631035
31630680
31630677
31630500
31630392
31630275
31630274
31630210
31629889
31629820
31629714
31629602
31629405
31629296
31629226
31629045
31628980
31628958
31628948
31628941
31628780
31628763
31628395
31628368
31628331
31627914
31627764
31627753
31627415
31627304
31627257
31627214
31627078
31627038
31627006
31626981
31626875
31626826
31626810
31626748
31626689
31626130
31626125
31626091
31625520
31625499
31625444
31625366
31625359
31625352
31624979
31624917
31624916
31624598
31624588
31624368
31624240
31624161
31624011
31623666
31623329
31623283
31623261
31623064
31623059
31623015
31622792
31622637
31622625
31622448
31622429
31622358
31622336
31622263
31622048
31621580
31621410
31621374
31620994
31620899
31620673
31620483
31620362
31620134
31620111
31620104
31619762
31619562
31619560
31619556
31619295
31619269
31619209
31619067
31618959
31618930
31618639
31618614
31618426
31618377
31618309
31618247
31618220
31618206
31618201
31618053
31617962
31617907
31617746
31617191
31617189
31617182
31617175
31617174
31617172
31617082
31616995
31616994
31616949
31616667
31616439
31616425
31616155
31616102
31615986
31615930
31615533
31615443
31615392
31615132
31615131
31615102
31615092
31614950
31614895
31614835
31614773
31614743
31614678
31614553
31614454
31614198
31613897
31613356
31613328
31613030
31613005
31612888
31612537
31612388
31612155
31612153
31611954
31611865
31611853
31611852
31611641
31611482
31611447
31611434
31611271
31611226
31610813
31610541
31610314
31610299
31610260
31610111
31610027
31609991
31609929
31609709
31609680
31609495
31609453
31609415
31608957
31608807
31608791
31608222
31608073
31608065
31608062
31608017
31607722
31607545
31607065
31607042
31606991
31606918
31606853
31606414
31606264
31606186
31606139
31606032
31605941
31605808
31605699
31605502
31605430
31605411
31605404
31605266
31605107
31605025
31604723
31604717
31604665
31604662
31604476
31604033
31603951
31603949
31603920
31603527
31603272
31603201
31603050
31602827
31602543
31602166
31601912
31601848
31601835
31601808
31601334
31601268
31601266
31601215
31601184
31601038
31600869
31600542
31600533
31600532
31600503
31600502
31600345
31600344
31600206
31600204
31600182
31600117
31600090
31599707
31599547
31599546
31599535
31599524
31599521
31599276
31599189
31599155
31599058
31598846
31598845
31598844
31598843
31598842
31598775
31598517
31597913
31597870
31597860
31597782
31597778
31597765
31597761
31597760
31597759
31597754
31597705
31597322
31597024
31596999
31596951
31596353
31596309
31596250
31596237
31595441
31595357
31595355
31594817
31594810
31594570
31594539
31594165
31594148
31594146
31594108
31594101
31593902
31593112
31593101
31592973
31592971
31592765
31592753
31592590
31592376
31592313
31592235
31591771
31591605
31591604
31591174
31591135
31590855
31590695
31590684
31590680
31590597
31590428
31590114
31590058
31590057
31590036
31589957
31589921
31589660
31589656
31589653
31589628
31589616
31589468
31589378
31589376
31589373
31589370
31589369
31589367
31589363
31589168
31589103
31589093
31589088
31588700
31588651
31588523
31588221
31588220
31588219
31588218
31588217
31588216
31588215
31588214
31588213
31588212
31588211
31588136
31587665
31587527
31587061
31586866
31586832
31586222
31585989
31585874
31585845
31585726
31585655
31585654
31585653
31585652
31585648
31585646
31585643
31585642
31585640
31585638
31585637
31585545
31585353
31585000
31584998
31584995
31584946
31584945
31584339
31584100
31583868
31583427
31583257
31583140
31582996
31582858
31582776
31582464
31582375
31581681
31581279
31580973
31580972
31580940
31580938
31580932
31580701
31580560
31580033
31579937
31579445
31579442
31578751
31578687
31578604
31578582
31578342
31578335
31578319
31578293
31578247
31578156
31578150
31578140
31577947
31577760
31577718
31576983
31576974
31576907
31576659
31576460
31576459
31576458
31576097
31576056
31575964
31575835
31575832
31575806
31575769
31575766
31575665
31575377
31575039
31574875
31574850
31574801
31574587
31574452
31574268
31574111
31574080
31573747
31573602
31573394
31573059
31572739
31572560
31572396
31572371
31571992
31571862
31571722
31571636
31571527
31571037
31570995
31570994
31570969
31570878
31570772
31570731
31570687
31570497
31570452
31570388
31570350
31570344
31570311
31570108
31570027
31569763
31569760
31569736
31569658
31569633
31569614
31569353
31569051
31569015
31569014
31568538
31568531
31568492
31568490
31568476
31568248
31568008
31567736
31567695
31567064
31567063
31567062
31567060
31567059
31566705
31566605
31566097
31565976
31565975
31565899
31565893
31565863
31565740
31565578
31565402
31565130
31565054
31564781
31564736
31564701
31564695
31564680
31564450
31563979
31563652
31563599
31563584
31563139
31562933
31562905
31562676
31562617
31562388
31562326
31562316
31562302
31561965
31561923
31561922
31561471
31561440
31561059
31561058
31560682
31560618
31560615
31560479
31560369
31560290
31560170
31560123
31560107
31560055
31559902
31559790
31559786
31559731
31559494
31559020
31559005
31558876
31558872
31558835
31558693
31558475
31558201
31558163
31557836
31557833
31557802
31557782
31557664
31557613
31557609
31557524
31557273
31557262
31557176
31557160
31557156
31556813
31556466
31556352
31556347
31555902
31555825
31555137
31554973
31554892
31554802
31554690
31554686
31554684
31554680
31554674
31554672
31554515
31554310
31554190
31554170
31554032
31553913
31553912
31553908
31553766
31553730
31553628
31553304
31553250
31552856
31552622
31552533
31552532
31552303
31552281
31552145
31551968
31551711
31551692
31551376
31551091
31551085
31551080
31551078
31551072
31551004
31551002
31550916
31550803
31550608
31550607
31550543
31550453
31550438
31550259
31550243
31550241
31549736
31549720
31549549
31549538
31549369
31549303
31549302
31549301
31549297
31549291
31548683
31548682
31548582
31548330
31547886
31547860
31547852
31547848
31547769
31547539
31547470
31547297
31547257
31547251
31547227
31547081
31547038
31546975
31546894
31546825
31546799
31546571
31546360
31546302
31546296
31545982
31545981
31545819
31545808
31545804
31545803
31545798
31545790
31545773
31545771
31545770
31545505
31545461
31545264
31545243
31545147
31545136
31545125
31544853
31544820
31544770
31544594
31544593
31544592
31544580
31544310
31544101
31543993
31543952
31543913
31543716
31543688
31543683
31543476
31543403
31543393
31543390
31543381
31542903
31542785
31542706
31542626
31542593
31542514
31542378
31542377
31542340
31542229
31542053
31541845
31541668
31541667
31541495
31541253
31541167
31541124
31541120
31540810
31540474
31540341
31540324
31540199
31540156
31540136
31540127
31539795
31539775
31539774
31539773
31539772
31539771
31539770
31539406
31539404
31539394
31539371
31539347
31538998
31538828
31538749
31538530
31538254
31538253
31537405
31536848
31536833
31536774
31536759
31536612
31536570
31536525
31536465
31536169
31535918
31535865
31535495
31535448
31535435
31535209
31535150
31535046
31534915
31534913
31534511
31534496
31534076
31534060
31534038
31533998
31533997
31533996
31533860
31533748
31533734
31533688
31533638
31533583
31533543
31533489
31533344
31533276
31533244
31533226
31533107
31532960
31532789
31532764
31532762
31532593
31532399
31532352
31531927
31531897
31531744
31531743
31531422
31531178
31531018
31530903
31530794
31530670
31530440
31530415
31530275
31529828
31529767
31529740
31529730
31529706
31529287
31529221
31529016
31528630
31528358
31528100
31528092
31528088
31527907
31527904
31527889
31527804
31527796
31527752
31527742
31527570
31527548
31527514
31527460
31527408
31527382
31527369
31527353
31527246
31527024
31526954
31526766
31526758
31526500
31526458
31526383
31526262
31526249
31526243
31526114
31525778
31525364
31525249
31525236
31525197
31525187
31524867
31524846
31524561
31524094
31524081
31523649
31523408
31523171
31522711
31522707
31522705
31522702
31522661
31522446
31522438
31522313
31521857
31521854
31521853
31521851
31521850
31521764
31521741
31521718
31521415
31521392
31521391
31521170
31521013
31520837
31520682
31520652
31520555
31520441
31520241
31520220
31520219
31520218
31520217
31520194
31520069
31519886
31519882
31519864
31519539
31519230
31519215
31519214
31519188
31519155
31519152
31518854
31518791
31518634
31518617
31518482
31518366
31518362
31517984
31517819
31517148
31516719
31516545
31516121
31516090
31516086
31516080
31515977
31515819
31515349
31515141
31514330
31514274
31513957
31513956
31513859
31513771
31513769
31513753
31513690
31513638
31513620
31513603
31513410
31513313
31513076
31513073
31512600
31512533
31512243
31512133
31512107
31512058
31511622
31511615
31511530
31511513
31511392
31511384
31511367
31511250
31511246
31511059
31511049
31511029
31511025
31510997
31510934
31510914
31510843
31509984
31509965
31509794
31509759
31509730
31509729
31509667
31509527
31509476
31509436
31508993
31508787
31508246
31507643
31507608
31507586
31507570
31507560
31507540
31507369
31507344
31507203
31507201
31507200
31507196
31507195
31507194
31507192
31507191
31507190
31506787
31506786
31506273
31506105
31506103
31505962
31505462
31505321
31505320
31505316
31505276
31505103
31505099
31505095
31505080
31504783
31504727
31504644
31504464
31504323
31504306
31504075
31503525
31503522
31503518
31503074
31502923
31502703
31502559
31502535
31502520
31502517
31502477
31502461
31502397
31502123
31502079
31502078
31501793
31501742
31501601
31501502
31501487
31501480
31501269
31501077
31501074
31500964
31500892
31500734
31500732
31500726
31500725
31500723
31500722
31500721
31500720
31500719
31500711
31500705
31500667
31500628
31500343
31500340
31500304
31500303
31500286
31500284
31499991
31499226
31499212
31499209
31499207
31499180
31499179
31498993
31498825
31498797
31498791
31498547
31498448
31498444
31498443
31498315
31497567
31497466
31497405
31496532
31496530
31496179
31495563
31495335
31495287
31495283
31494936
31494917
31494778
31494777
31494776
31494355
31494268
31493690
31493658
31493657
31493656
31493655
31493654
31493653
31493652
31493651
31493650
31493649
31493648
31493567
31493523
31493482
31493444
31493418
31493362
31493311
31493102
31493090
31493048
31492939
31492853
31492846
31492810
31492688
31492663
31492655
31492595
31492563
31492497
31492192
31492170
31492165
31492135
31491987
31491557
31491344
31490968
31490961
31490919
31490758
31490218
31490115
31490114
31490089
31489915
31489496
31489375
31489265
31489090
31489074
31488835
31488709
31488690
31488689
31488688
31488528
31488525
31488198
31488182
31488178
31488162
31488137
31488066
31487808
31487743
31487720
31487324
31487279
31487277
31487118
31486908
31486907
31486858
31486716
31486701
31486590
31486403
31486071
31486062
31486047
31486042
31486037
31485724
31485713
31485670
31485647
31485610
31485510
31485476
31484944
31484894
31484831
31484826
31484767
31484758
31484751
31484748
31484743
31484573
31484562
31484497
31484295
31372504
31484265
31484253
31484252
31484250
31484249
31484248
31484075
31483832
31483818
31483794
31483584
31483372
31483291
31483289
31483243
31483239
31483225
31483214
31482716
31482481
31482466
31482204
31482092
31482072
31481976
31481919
31481759
31481385
31481344
31481150
31481149
31481148
31481132
31481063
31480752
31480744
31480738
31480594
31480520
31480501
31480472
31480443
31480219
31479987
31479868
31479497
31479472
31479459
31479452
31478835
31478832
31478742
31478735
31478619
31478480
31478398
31478246
31477895
31477887
31477873
31477804
31477755
31477699
31477425
31477293
31477279
31477185
31477134
31477115
31477101
31477093
31477055
31477045
31477028
31477005
31477001
31476875
31476618
31476405
31476298
31476008
31475785
31475336
31475028
31474979
31474977
31474967
31474960
31474704
31474703
31474700
31474697
31474664
31474372
31474190
31474117
31474076
31473633
31473556
31473337
31473255
31473225
31473051
31472993
31472285
31471871
31471723
31471448
31471388
31471363
31471273
31471272
31471138
31470987
31470805
31470675
31470664
31470553
31470250
31470135
31470089
31470040
31470004
31469947
31469936
31469856
31469831
31469780
31469541
31469046
31468692
31468569
31468140
31468087
31467895
31467872
31467590
31467441
31467408
31467282
31467102
31467101
31467093
31467082
31466590
31466589
31466541
31466465
31466377
31466373
31466307
31466243
31466240
31466237
31466125
31465999
31465981
31465980
31465972
31465892
31465848
31465768
31465638
31465518
31465516
31465513
31465494
31465453
31465452
31465287
31465127
31464949
31464913
31464241
31463940
31463771
31463770
31463665
31463535
31463521
31463494
31463388
31463044
31462568
31462563
31462562
31462561
31462560
31462554
31462510
31462495
31462437
31462331
31462315
31462289
31462274
31462211
31461981
31461660
31461601
31461509
31461506
31461496
31461455
31461446
31460864
31460634
31460596
31460249
31459671
31458257
31457048
31457008
31456987
31456964
31456827
31456769
31456762
31456553
31456552
31456516
31456441
31456412
31456242
31456226
31456215
31456087
31456086
31456085
31455974
31455905
31455867
31455834
31455818
31455769
31455725
31455724
31455523
31455418
31455344
31455244
31454859
31454654
31454374
31454296
31453152
31452511
31452045
31452044
31451964
31451963
31451904
31451871
31451801
31451789
31451771
31451733
31451659
31451618
31451465
31451462
31451313
31451076
31450927
31450917
31450914
31450900
31450895
31450890
31450775
31450757
31450632
31450611
31450552
31450455
31450441
31450419
31450185
31450164
31450102
31450074
31450047
31449858
31449790
31449552
31449523
31448996
31448988
31448974
31448690
31448629
31448469
31448437
31448372
31448105
31448045
31447845
31447829
31447791
31447461
31447457
31447423
31447377
31447316
31447307
31447177
31447114
31446638
31446609
31446175
31446137
31446092
31445879
31445875
31445828
31445517
31445323
31445208
31444997
31444817
31444757
31444469
31444406
31444366
31444146
31443749
31443725
31443656
31443633
31443536
31443406
31443360
31443292
31443175
31443153
31443116
31442928
31442921
31442912
31442628
31442625
31442614
31442386
31442273
31442243
31442223
31442166
31442045
31442009
31441949
31441857
31441761
31441759
31441758
31441752
31441722
31441231
31440877
31440811
31440810
31440256
31440240
31440065
31440030
31439989
31439694
31439691
31439498
31439154
31439153
31439152
31439151
31439150
31439146
31439004
31438998
31438976
31438971
31438969
31438883
31438880
31438877
31438604
31438470
31437778
31437641
31437485
31437465
31437197
31437184
31437182
31437170
31437140
31436888
31436474
31436299
31436169
31436003
31435979
31435867
31435846
31435636
31435492
31434895
31434835
31434749
31434746
31434734
31434732
31434673
31434571
31434565
31434354
31434243
31434193
31433990
31433987
31433824
31433806
31433805
31433331
31433303
31433273
31433193
31433056
31433052
31432990
31432892
31432775
31432647
31432645
31432464
31432386
31432269
31432211
31432199
31431423
31431408
31431208
31431002
31430904
31430757
31430720
31430632
31430561
31430537
31430534
31430503
31430502
31430353
31430351
31430224
31430030
31429972
31429939
31429755
31429736
31429710
31429704
31429608
31428925
31428916
31428915
31428595
31428378
31427969
31427704
31427690
31427581
31427511
31427429
31427285
31426820
31426794
31426793
31426746
31426640
31426139
31425972
31425971
31425970
31425969
31425944
31425909
31425783
31425743
31425683
31425554
31425551
31425525
31425524
31425503
31424549
31424379
31424377
31424371
31424151
31424019
31424012
31424009
31424006
31424004
31423916
31423909
31423858
31423727
31423299
31423138
31422285
31422230
31422153
31422116
31421774
31421769
31421765
31421763
31421755
31421754
31421693
31421676
31421662
31421623
31421409
31421377
31421339
31421167
31421165
31420970
31420848
31420829
31420529
31420369
31420217
31420129
31419985
31419949
31419711
31419374
31419285
31419221
31419070
31418814
31418677
31418674
31418603
31418459
31418415
31418413
31418203
31417941
31417555
31417513
31417251
31417179
31417038
31417037
31417034
31417031
31416878
31416800
31416477
31416460
31416422
31416365
31415958
31415943
31415822
31415785
31415743
31415679
31415678
31415649
31415629
31415597
31415563
31415559
31415558
31415452
31415349
31415347
31415225
31414755
31414752
31414745
31414741
31414643
31414637
31414631
31414630
31414350
31414286
31414123
31414081
31413797
31413794
31413598
31413563
31413528
31413526
31413173
31413132
31413130
31413126
31413124
31413072
31413068
31412626
31412617
31412613
31412594
31412572
31412350
31412175
31412173
31412172
31412121
31412088
31412040
31411701
31411673
31411546
31411509
31411312
31411311
31411180
31411169
31411134
31411006
31410940
31410931
31410537
31409912
31409781
31409776
31409732
31409686
31409399
31409367
31409221
31409036
31408708
31408707
31408631
31408588
31408582
31408541
31408476
31408474
31408439
31407851
31407788
31407717
31407660
31407393
31407331
31407291
31407133
31407052
31407039
31406574
31406037
31406032
31405736
31405688
31405386
31405163
31405112
31405081
31405078
31405050
31404985
31404845
31404834
31404674
31404669
31404563
31404549
31404535
31404123
31404117
31404116
31404110
31404077
31404069
31403892
31403795
31403733
31403623
31403468
31403400
31403322
31403214
31403076
31402963
31402905
31402824
31402584
31402532
31402499
31402255
31402052
31401969
31401955
31401954
31401694
31401693
31401636
31401522
31401467
31401466
31401308
31401227
31401201
31401200
31401192
31401140
31400856
31400668
31400608
31400550
31400549
31400548
31400468
31400386
31400300
31400263
31400166
31400113
31400093
31399876
31399875
31399610
31399273
31399166
31399119
31399106
31399103
31399069
31399031
31398943
31398864
31398860
31398856
31398796
31398529
31398454
31398380
31398374
31398366
31398337
31398327
31398292
31398241
31398087
31397674
31397669
31397431
31397395
31397393
31397392
31397385
31396845
31396785
31396619
31396615
31396492
31396224
