32142158
32141690
32141609
32141152
32141005
32140882
32140788
32140573
32140407
32140396
32140164
32139707
32139555
32139534
32139124
32138952
32135581
32135578
32135306
32133979
32133710
32133531
32133506
32133476
32133395
32133301
32132856
32132855
32132852
32132850
32132849
32132693
32132547
32132531
32132273
32132095
32131927
32131720
32131452
32130723
32130638
32130246
32130216
32130034
32129976
32129929
32129637
32129472
32129185
32129097
32128970
32128819
32128818
32128616
32128150
32128140
32128127
32127775
32127771
32127766
32127760
32127759
32127703
32127615
32127610
32127560
32127382
32127348
32126957
32126954
32126952
32126387
32126210
32126109
32125991
32125983
32125545
32125101
32124976
32124941
32124916
32124424
32124281
32124184
32124101
32123909
32123503
32123500
32123499
32123181
32123088
32122873
32122872
32122339
32121623
32121620
32121521
32121497
32121469
32121352
32121295
32121261
32121166
32121073
32120996
32120322
32120185
32117987
32117638
32117634
32117627
32117612
32117526
32117132
32116774
32116764
32116761
32115844
32115809
32115796
32115731
32115726
32115387
32114459
32114432
32114424
32114396
32114354
32114290
32114251
32114178
32114092
32114046
32113486
32113470
32113083
32112604
32112418
32112399
32112119
32112104
32111400
32111324
32111300
32111251
32110501
32109749
32109646
32109447
32109414
32109253
32108982
32108981
32108759
32108751
32108359
32108180
32108139
32108104
32107691
32107619
32107446
32107441
32107304
32107291
32106604
32106575
32106571
32106278
32106067
32106043
32105945
32105923
32105888
32105851
32105749
32105636
32104544
32104141
32104140
32104139
32104137
32103743
32103657
32103513
32103488
32103135
32103061
32103028
32102330
32102270
32101952
32101741
32101723
32101134
32101114
32100920
32100704
32100663
32100653
32100464
32100427
32100314
32100138
32100057
32099989
32099981
32099749
32099654
32099517
32099078
32099050
32099011
32098953
32098887
32098878
32098385
32098184
32098178
32098149
32098137
32097746
32097716
32097697
32097635
32097593
32097520
32097434
32096898
32096861
32096736
32096568
32095432
32095363
32095344
32095326
32094912
32094543
32094542
32094540
32094506
32094440
32094181
32094167
32094163
32094113
32094002
32093779
32093759
32093642
32093538
32093328
32093283
32092990
32092972
32092907
32092396
32092129
32092110
32091641
32091640
32091631
32091389
32091137
32090812
32090452
32089639
32089636
32089633
32089574
32089572
32089571
32089570
32089569
32089568
32089531
32089503
32088527
32088526
32088525
32088464
32088234
32087854
32087847
32087820
32087533
32087248
32087246
32087115
32086476
32086176
32086144
32086143
32086142
32086141
32086140
32086115
32085724
32085627
32085565
32084650
32084536
32084495
32084407
32084405
32084190
32083308
32083286
32082579
32082541
32082478
32082339
32082299
32081985
32081888
32081807
32081660
32081159
32081093
32080709
32080374
32080370
32080314
32080246
32080209
32079763
32079758
32079108
32079097
32078916
32078875
32078869
32078711
32078049
32077944
32077790
32077104
32076920
32076829
32076811
32076646
32076534
32076515
32076503
32076387
32076380
32076267
32076038
32075950
32075736
32075533
32075532
32075526
32075232
32074114
32074087
32073241
32072991
32072810
32072427
32072413
32072335
32072151
32071720
32071342
32071295
32071200
32070815
32070799
32070798
32070331
32070260
32070259
32070252
32069826
32069766
32069732
32069456
32069315
32068376
32068370
32068262
32068251
32067979
32067275
32067195
32067120
32066933
32066893
32066887
32066886
32066816
32066794
32066508
32066279
32066255
32065730
32065370
32065108
32065086
32064897
32064309
32064166
32063864
32063745
32063743
32063649
32063316
32062301
32062300
32062299
32062257
32062212
32062189
32062010
32061913
32061898
32061895
32061133
32061124
32060920
32060732
32060599
32060589
32060493
32060320
32059837
32059671
32059644
32059459
32059298
32059010
32058964
32058610
32058560
32058545
32057926
32057914
32057911
32057784
32057625
32057401
32056853
32056615
32056614
32056333
32056020
32055413
32055412
32055410
32055409
32055408
32054971
32054875
32054541
32054162
32054070
32053798
32053700
32053628
32053591
32053468
32053259
32053006
32052416
32052129
32052099
32051872
32051507
32051442
32050971
32050842
32050592
32050538
32050495
32050472
32050362
32050003
32049995
32048621
32048527
32048193
32048186
32048108
32047756
32047649
32047635
32047529
32047463
32047256
32047193
32046614
32046425
32045721
32045453
32045365
32044408
32044285
32044208
32043994
32043827
32043741
32043410
32042982
32042660
32042339
32042155
32042125
32042118
32042054
32041807
32041803
32041262
32041256
32041083
32041078
32041031
32040520
32040287
32040091
32039567
32039551
32039535
32039484
32039233
32038568
32038159
32038049
32038002
32037993
32037992
32037102
32037097
32036978
32036533
32036428
32035946
32034696
32034171
32034102
32034051
32033362
32032840
32032763
32032476
32031919
32031740
32031739
32031723
32030765
32030605
32030545
32030511
32029788
32029713
32029618
32029582
32029463
32029459
32029164
32028994
32028633
32028628
32028200
32028035
32028032
32028027
32027907
32027733
32027643
32027429
32026283
32026152
32026150
32025501
32025373
32025365
32025362
32025294
32025209
32025015
32024998
32024896
32024833
32024769
32024756
32024631
32024630
32024626
32024623
32024617
32024616
32024529
32024460
32024444
32024403
32024266
32024157
32024060
32023896
32023883
32023186
32022966
32022848
32021638
32021556
32021555
32021288
32021164
32020879
32020583
32020362
32020255
32020242
32020082
32019974
32019937
32019915
32019877
32019468
32019466
32019395
32019201
32019151
32018107
32017956
32017926
32017874
32017274
32017197
32017082
32016879
32016872
32016634
32015830
32015668
32015526
32015524
32015502
32015388
32015346
32014829
32014655
32014643
32014609
32014575
32014487
32014463
32013857
32013545
32013242
32012729
32012421
32012304
32012183
32011772
32011766
32011715
32011337
32011058
32010835
32010344
32010131
32010064
32010006
32009639
32009493
32009395
32009388
32008465
32008433
32008049
32007628
32006833
32006756
32006521
32006507
32006414
32006376
32006335
32006103
32006017
32005908
32005898
32004493
32004457
32003982
32003829
32003470
32003151
32002720
32002648
32002575
32002326
32002029
32001721
32001647
32001545
32001364
32001324
32001217
32001157
32001021
32001016
32000840
32000675
32000655
32000646
32000126
32000016
31999725
31999691
31999649
31999492
31999488
31999455
31999288
31998815
31998206
31997891
31997888
31997885
31997665
31997653
31997566
31997466
31997029
31996783
31996692
31996690
31996329
31996238
31995163
31995002
31994770
31994581
31994267
31994228
31993909
31993328
31993117
31992718
31992708
31992371
31992286
31991669
31991157
31990935
31989693
31989689
31989491
31989428
31988712
31988598
31988597
31988373
31988186
31988164
31988131
31988009
31987886
31987778
31987320
31986160
31985790
31985096
31984933
31984513
31984486
31983907
31983588
31983344
31983334
31983330
31983329
31983327
31983077
31983008
31982823
31982569
31982298
31982136
31982076
31981672
31981448
31980936
31980727
31980714
31980692
31980660
31980659
31980648
31980437
31979386
31979176
31979065
31979040
31979029
31978680
31978633
31978632
31978597
31978494
31978488
31978155
31978073
31977284
31976330
31976322
31976165
31976084
31975777
31974765
31974693
31974541
31974446
31974355
31974219
31974005
31973854
31973747
31973157
31973079
31972493
31972444
31972360
31972173
31971677
31971645
31971516
31971483
31971399
31971327
31971320
31970636
31969926
31969831
31969648
31969428
31969423
31969194
31969104
31969092
31969001
31967962
31967291
31966336
31966333
31966329
31966309
31966305
31966304
31966298
31966290
31966024
31965950
31965540
31965510
31965500
31965497
31965398
31965230
31965087
31964935
31964847
31964709
31964702
31964338
31964267
31964262
31964260
31964256
31963543
31963532
31963425
31963356
31962181
31962126
31961917
31961856
31961787
31961473
31961249
31960923
31960432
31960413
31959908
31959227
31958467
31958218
31958183
31958151
31958131
31957933
31957142
31956760
31956555
31956514
31956332
31956329
31956320
31956066
31956023
31956006
31955912
31955907
31955595
31955477
31955425
31955398
31955397
31955302
31955058
31954405
31954292
31954221
31954163
31954104
31953971
31953792
31953519
31953497
31953455
31953451
31953403
31953363
31953226
31953170
31953157
31952837
31952594
31952112
31951999
31951998
31951970
31951930
31951746
31951088
31950856
31950581
31950538
31949317
31949226
31949105
31949079
31947812
31947725
31945812
31945811
31945809
31945723
31945130
31944672
31944573
31944199
31943484
31943300
31943191
31943059
31942718
31942663
31942620
31942595
31942564
31942455
31942008
31942001
31941914
31941693
31941504
31941347
31941115
31940956
31940408
31940053
31939732
31939023
31938739
31938536
31938534
31938533
31938521
31938519
31938511
31938508
31938480
31937976
31937873
31937838
31937263
31937224
31937218
31937214
31936307
31936255
31936188
31936135
31936090
31935921
31935616
31935552
31935495
31935358
31935346
31935340
31935307
31934690
31934510
31933420
31933261
31933260
31933077
31932987
31932713
31932704
31932703
31932590
31931866
31931807
31931516
31931176
31930783
31930493
31930439
31929559
31929551
31929524
31929068
31927727
31927435
31927405
31927284
31927121
31926520
31926519
31926371
31926274
31926051
31925444
31924906
31924871
31924507
31924156
31923934
31923925
31923691
31923684
31923669
31923581
31923473
31923380
31923256
31923176
31922605
31922581
31922236
31922201
31922000
31921424
31921158
31921007
31920091
31919910
31919744
31919694
31919506
31919469
31919454
31919450
31919428
31919367
31919364
31919216
31919184
31919166
31918751
31918709
31918256
31918163
31918136
31917357
31917239
31917211
31916655
31916635
31916619
31916359
31916268
31916201
31916166
31916069
31916023
31915916
31915057
31914904
31914677
31914524
31914137
31913780
31913700
31913497
31913480
31913312
31913297
31912662
31912655
31912651
31912636
31912606
31912522
31912419
31912275
31911949
31911619
31911491
31911359
31911183
31911182
31910785
31910769
31910740
31910732
31910703
31910441
31909498
31909257
31908681
31907752
31907382
31906953
31906149
31906020
31905915
31905801
31904883
31904879
31904488
31904099
31904097
31903819
31903811
31903652
31903533
31902515
31902349
31901994
31901861
31901732
31901168
31901139
31901105
31900922
31900730
31900598
31900461
31900448
31900345
31899951
31899325
31899250
31899051
31898666
31897788
31897786
31896787
31896561
31896520
31896464
31894614
31894060
31894054
31894049
31894048
31894047
31893621
31893301
31893165
31892850
31892739
31892257
31891943
31891770
31891753
31891736
31891709
31891586
31891233
31890910
31890810
31890676
31890211
31890138
31889868
31889855
31889845
31889832
31889824
31889820
31889811
31889809
31889425
31889349
31889325
31889305
31889292
31889070
31889068
31889002
31888998
31888962
31888855
31888667
31888629
31888262
31888037
31887984
31887890
31886361
31886198
31886155
31885644
31885545
31885314
31885213
31885068
31884348
31884296
31884216
31884208
31884157
31884020
31883945
31883274
31882957
31882936
31882783
31882746
31882202
31881979
31881939
31881931
31881898
31881525
31881519
31881327
31881189
31880864
31880533
31880382
31880218
31879882
31879762
31879712
31879707
31878183
31877779
31877662
31877643
31877500
31877368
31877283
31876054
31876020
31875555
31875236
31875091
31875089
31875088
31875041
31874994
31874973
31874965
31874404
31874235
31874193
31873888
31873826
31873800
31873774
31873761
31873195
31873145
31872929
31872482
31872434
31872092
31871831
31871635
31871596
31871535
31871404
31870798
31870636
31870292
31870145
31870005
31869330
31868951
31867934
31867774
31867678
31867529
31867122
31866857
31866742
31866733
31866732
31866271
31865674
31865560
31865484
31865338
31865311
31865155
31865125
31865090
31865000
31864673
31864499
31864121
31864075
31863902
31863765
31863762
31863490
31863371
31863307
31863275
31863115
31863081
31863006
31862993
31862926
31862460
31861902
31861665
31861570
31861343
31861246
31860580
31859621
31859577
31859062
31858712
31858153
31857875
31857818
31857791
31857786
31857665
31857447
31857331
31857200
31856852
31856844
31856711
31856211
31856168
31856157
31856156
31855566
31853270
31853102
31852656
31852467
31852388
31851878
31851671
31850081
31850034
31849922
31849700
31849022
31848755
31848753
31848330
31848075
31847893
31847851
31847836
31847778
31847777
31847768
31847765
31847760
31847746
31847745
31847156
31847097
31846671
31846173
31846031
31845986
31845562
31845450
31845279
31845274
31845253
31845207
31845102
31844730
31844722
31844692
31844690
31844598
31844516
31844411
31844410
31844408
31844406
31844322
31844192
31844190
31843919
31843914
31843719
31843613
31843456
31843238
31843219
31843136
31842532
31842482
31842397
31841796
31841255
31841032
31840951
31840950
31840949
31840948
31840921
31840906
31840666
31840419
31840252
31840221
31840203
31840190
31840125
31840117
31840061
31839800
31839456
31839308
31839289
31838775
31838749
31838701
31838672
31838331
31838232
31838178
31837995
31837877
31837870
31837852
31837846
31837830
31837265
31837059
31836987
31836897
31836823
31835801
31835670
31835471
31835418
31835357
31835237
31835085
31834622
31834608
31834464
31834424
31833324
31833308
31833103
31833047
31832920
31832645
31832327
31832159
31832154
31832150
31832145
31832143
31831957
31831858
31831851
31831790
31831730
31831643
31831642
31831591
31831227
31831084
31830914
31830804
31830581
31830510
31830478
31830309
31830274
31830128
31830029
31829917
31829066
31828971
31828945
31828722
31828707
31828116
31828075
31827873
31827872
31827681
31827571
31827548
31827544
31827462
31827212
31825473
31825095
31824771
31824728
31824724
31824718
31824709
31824568
31824553
31824337
31824255
31824207
31823732
31823701
31823594
31823260
31822773
31822714
31822695
31822600
31822480
31822419
31822410
31822253
31821938
31821880
31821879
31821727
31821504
31821347
31821328
31821326
31821092
31820735
31820315
31820102
31819976
31819416
31819157
31819045
31818946
31818639
31818601
31818244
31818028
31817486
31817361
31817342
31816895
31816786
31816565
31816498
31816485
31816395
31816295
31815343
31814544
31813647
31812937
31812827
31812568
31812350
31812261
31812177
31812085
31812053
31811599
31811422
31811397
31811276
31811179
31811170
31810981
31810776
31810734
31810476
31810454
31810432
31810349
31810216
31809611
31809523
31809504
31808990
31808246
31808200
31808195
31808078
31807981
31807860
31807712
31807645
31807613
31807354
31807318
31807242
31806876
31806867
31806811
31806555
31806446
31806345
31806328
31806240
31805916
31805850
31805744
31805723
31805560
31805316
31805284
31804691
31804586
31804181
31803202
31802973
31802971
31802970
31802386
31802184
31802149
31801869
31801691
31801671
31801595
31801542
31801271
31800769
31800170
31800012
31799690
31799458
31799147
31798001
31797925
31797759
31797535
31797067
31797059
31796996
31796823
31796816
31796733
31796608
31796318
31796305
31796186
31796032
31795911
31795865
31795861
31795860
31795364
31795249
31795170
31795078
31794867
31794675
31794640
31794015
31793422
31792732
31792395
31792174
31791790
31791643
31791313
31791148
31790921
31790737
31790649
31790335
31789240
31789163
31788365
31788358
31788211
31788210
31788191
31788189
31787735
31787133
31786955
31786761
31786716
31786696
31786540
31786007
31785786
31785643
31785453
31785323
31785205
31784959
31784843
31784341
31784328
31784171
31783752
31783580
31783535
31783486
31783467
31783440
31783237
31783175
31783000
31782567
31782180
31781970
31781648
31781357
31781278
31780747
31780700
31780683
31780548
31780191
31780090
31779721
31779658
31779051
31778757
31778534
31778486
31778245
31778204
31778187
31777663
31777435
31777434
31777433
31777085
31777000
31776998
31776994
31776826
31776502
31776266
31776184
31775623
31774853
31774811
31774498
31774021
31773900
31773894
31773849
31773824
31773813
31773523
31773428
31772710
31772390
31772318
31772223
31772017
31772005
31771847
31771824
31771563
31771508
31771477
31771472
31771471
31771468
31771319
31771282
31771258
31771158
31770588
31769133
31768899
31768814
31768685
31767954
31767951
31767921
31767754
31767459
31767327
31767056
31765971
31765660
31765475
31763401
31763214
31763070
31763069
31762664
31762649
31762647
31762646
31762633
31762624
31762623
31762616
31762612
31762611
31762602
31762593
31762590
31762512
31762502
31762491
31762360
31762333
31762100
31762066
31762020
31761721
31761648
31761368
31760570
31760560
31760439
31759976
31759857
31759723
31759407
31759348
31759226
31759080
31759041
31758036
31757998
31757927
31757552
31757531
31756874
31756648
31756647
31756270
31756202
31755626
31755610
31755433
31755397
31755384
31755150
31755097
31755021
31755019
31754854
31754367
31754323
31754322
31754317
31754290
31754124
31754040
31754030
31753653
31753567
31753041
31752719
31752680
31752661
31752432
31752067
31751747
31751621
31751550
31751362
31750976
31750547
31749657
31749532
31749250
31749014
31748995
31748959
31748672
31748574
31748033
31748032
31747976
31747669
31747622
31747551
31747401
31747096
31746565
31746511
31746466
31746310
31746152
31746013
31745996
31745990
31745806
31745388
31745254
31745160
31745144
31745138
31744910
31744768
31744569
31744441
31744433
31743719
31743363
31742676
31742349
31742303
31741793
31741461
31741236
31740703
31740690
31740617
31740605
31740335
31740334
31740292
31740229
31739250
31739238
31739094
31737899
31737272
31736943
31736887
31736707
31736701
31736635
31736633
31736625
31736623
31736450
31736195
31736094
31735679
31735676
31734953
31734608
31734574
31734488
31734289
31733528
31732831
31732410
31732163
31731798
31731430
31731146
31730891
31730869
31730670
31730575
31730194
31730167
31729795
31729436
31729421
31729413
31729359
31729004
31728916
31728888
31728806
31728767
31728166
31728046
31727969
31727923
31727886
31727762
31727389
31727203
31727175
31727162
31726342
31726261
31726054
31726019
31725808
31725795
31725718
31725194
31724982
31724939
31724724
31724244
31724124
31723328
31723318
31723243
31723238
31723155
31722659
31722344
31722250
31722233
31722212
31722041
31721926
31721774
31721713
31721262
31721059
31720466
31720231
31720122
31720117
31720113
31720101
31720011
31719825
31719776
31719711
31719654
31719481
31719460
31719447
31719433
31719428
31719408
31719399
31719398
31719387
31719378
31719373
31719359
31719358
31719336
31719200
31719159
31718724
31718011
31717986
31717940
31717929
31717836
31717402
31717379
31717240
31717230
31717218
31717216
31717210
31717203
31717201
31717188
31717179
31717164
31717160
31717154
31717145
31717142
31717136
31717132
31717086
31717075
31717072
31717064
31717043
31717024
31717014
31717005
31716999
31716996
31716968
31716964
31716963
31716939
31716928
31716914
31716896
31716877
31716867
31716866
31716855
31716836
31716833
31716831
31716804
31716803
31716801
31716797
31716796
31716762
31716758
31716739
31716735
31716726
31716716
31716713
31716708
31716701
31716692
31716685
31716670
31716665
31716654
31716650
31716642
31716612
31716600
31716599
31716572
31716545
31716508
31716503
31716490
31716483
31716465
31716464
31716462
31716442
31716390
31716350
31716345
31716327
31716311
31716303
31716290
31716274
31716272
31716265
31716264
31716237
31716234
31716233
31716229
31716207
31716194
31716192
31716190
31716174
31716172
31716141
31716133
31716093
31716091
31716086
31716074
31716051
31716025
31716002
31715989
31715976
31715965
31715944
31715941
31715920
31715916
31715914
31715907
31715893
31715840
31715832
31715820
31715813
31715779
31715754
31715751
31715734
31715698
31715697
31715182
31714658
31713858
31713480
31713136
31713062
31713020
31712650
31712612
31712604
31712538
31712510
31712495
31712492
31712488
31712484
31712483
31712462
31712452
31712428
31712419
31711774
31711526
31711270
31711008
31710681
31710677
31710577
31710388
31710160
31709786
31709634
31709541
31708719
31708668
31707158
31707139
31707060
31706684
31706572
31706264
31706255
31706151
31706020
31705932
31705773
31705702
31705622
31705040
31704993
31704986
31704946
31704881
31704793
31703945
31703729
31703417
31702845
31702599
31702527
31702501
31702500
31701577
31701478
31701385
31700017
31699978
31699414
31699413
31699412
31699344
31699240
31698960
31698782
31698175
31698151
31698083
31697937
31697923
31697673
31696542
31695900
31695892
31695876
31695096
31694689
31694595
31694538
31694535
31694480
31694300
31693931
31693676
31693427
31693172
31693168
31692735
31692645
31692407
31692070
31691963
31691962
31691818
31691741
31691576
31691429
31691259
31691096
31691038
31690257
31689591
31689531
31689393
31689392
31689300
31687752
31687566
31687501
31687387
31687377
31687359
31687274
31687145
31687143
31687141
31686952
31686950
31686949
31686947
31686497
31686333
31686122
31686021
31685340
31684725
31684174
31684086
31683960
31683894
31683675
31683006
31682256
31681840
31681764
31681508
31681301
31680998
31680877
31680868
31680856
31680686
31680362
31680075
31680070
31679838
31679531
31679526
31679498
31679497
31679495
31679492
31679491
31679490
31679489
31679488
31679483
31679209
31679077
31679039
31678912
31678269
31678245
31678101
31677344
31677316
31676927
31676880
31676815
31676437
31676418
31676411
31676315
31676295
31676190
31675368
31675107
31674911
31674893
31674674
31674643
31674611
31674003
31673498
31673331
31673053
31672992
31672918
31672890
31672726
31672724
31671445
31671304
31671225
31670616
31670613
31670367
31669948
31669719
31669664
31669586
31669432
31669400
31669308
31669151
31668621
31668398
31667783
31667650
31667601
31667489
31667433
31667392
31667361
31667128
31667086
31666802
31666721
31666685
31666361
31665961
31665932
31544158
31665547
31665393
31664938
31664507
31664477
31664220
31664164
31664070
31664020
31663254
31663017
31662687
31662685
31662683
31662671
31662669
31662662
31662608
31662159
31662090
31662081
31662080
31662078
31661832
31661489
31660585
31660472
31660294
31660269
31660259
31660257
31659224
31659185
31659036
31659031
31658851
31658707
31658704
31658265
31657759
31657534
31656838
31656834
31656699
31656697
31656159
31656157
31655927
31655447
31655163
31655036
31655018
31654850
31654749
31654402
31654315
31654258
31654239
31653955
31653865
31653849
31653148
31652847
31652718
31652540
31652340
31652337
31652281
31651232
31651214
31650258
31649811
31649732
31649495
31649485
31649267
31649197
31649191
31649190
31649188
31648360
31648244
31648044
31646970
31646210
31645763
31645719
31645575
31645223
31645031
31644998
31644958
31644794
31644654
31644648
31644647
31644646
31644586
31644528
31643147
31643145
31642474
31642063
31642032
31641879
31641485
31641479
31641472
31641311
31641196
31641139
31640856
31640790
31640708
31640508
31639560
31639535
31639403
31639358
31639075
31638410
31638291
31637702
31637449
31637118
31637115
31636999
31636960
31636957
31636952
31636943
31636937
31636882
31636504
31636503
31636499
31636219
31636187
31635694
31635382
31635001
31634694
31634693
31634657
31634578
31634245
31633766
31633447
31633358
31633064
31633028
31632243
31632174
31632026
31631817
31631591
31631590
31631589
31631588
31631508
31631473
31631370
31631338
31631051
31630693
31630483
31630353
31630352
31630345
31629949
31629886
31629878
31629810
31629728
31628956
31628771
31628663
31628544
31628397
31628206
31627854
31627489
31627409
31627262
31626974
31626822
31626669
31626654
31625505
31625347
31625345
31625158
31625070
31624579
31624577
31624571
31624568
31624565
31624563
31624559
31624540
31624538
31624369
31624274
31624208
31624182
31624151
31624039
31623862
31623627
31623555
31623290
31623114
31623076
31622810
31622741
31622313
31622291
31622289
31622167
31621946
31621849
31621828
31621077
31621070
31620437
31620312
31620289
31620287
31620133
31619795
31619676
31619238
31619113
31618997
31618840
31618434
31618257
31618214
31618060
31617788
31617777
31617561
31616934
31616910
31616663
31616542
31616490
31616489
31616483
31616482
31616204
31615986
31615737
31615372
31615357
31615354
31615152
31615031
31614956
31614682
31614670
31614238
31614190
31613985
31613742
31612644
31612553
31612531
31612503
31612310
31612286
31612284
31612209
31611654
31611062
31610431
31610429
31610291
31610188
31610084
31610058
31610055
31610012
31609992
31609975
31609448
31609030
31609003
31608617
31608491
31608165
31608060
31606625
31606470
31605369
31605296
31605019
31604997
31604989
31604471
31604240
31604156
31604063
31604005
31603945
31603621
31603571
31603261
31602677
31602482
31601860
31601814
31601782
31601684
31601021
31600853
31600643
31600339
31600297
31600196
31600008
31599555
31599548
31599541
31599031
31598960
31598867
31598755
31598383
31598382
31598319
31598316
31598307
31598305
31598295
31598291
31598273
31598254
31598235
31598068
31598010
31597816
31597773
31597725
31597086
31596993
31596478
31595158
31595117
31594929
31594861
31594501
31594498
31594477
31593814
31593681
31593530
31592586
31592585
31592584
31592583
31592582
31592581
31592352
31592313
31592218
31592190
31592132
31591915
31591747
31591372
31591238
31590823
31590807
31590791
31590768
31590315
31588343
31587999
31587651
31587402
31587358
31587257
31587062
31586711
31586688
31586399
31586318
31586285
31586021
31586020
31585892
31585868
31585596
31585504
31585231
31585118
31584940
31584741
31584730
31584646
31583785
31583705
31583697
31583521
31583397
31583362
31583044
31582781
31581701
31581349
31581340
31581321
31581273
31581239
31580914
31580876
31580421
31579974
31579962
31579933
31579930
31579821
31579609
31579573
31579564
31579450
31579171
31579147
31579113
31579111
31578780
31578647
31578626
31578247
31578155
31577944
31577171
31576933
31576931
31576758
31576650
31576528
31576236
31576125
31576076
31576056
31575959
31575929
31575650
31575372
31575368
31575010
31574984
31574563
31574394
31573882
31573828
31573713
31573513
31573427
31573138
31572814
31572225
31571245
31571161
31571141
31571111
31570869
31570736
31570612
31570585
31570584
31570571
31570511
31570408
31570093
31569830
31569787
31568972
31568940
31568775
31568517
31568501
31566835
31566824
31566646
31566303
31565731
31565575
31565556
31565023
31565020
31564862
31564389
31564255
31564066
31564051
31563851
31563786
31562744
31561623
31561531
31561418
31559967
31559960
31559934
31559930
31559416
31559081
31558882
31558724
31558687
31558588
31558586
31557973
31557909
31557698
31557534
31557276
31556849
31556366
31555182
31555059
31554999
31554838
31554626
31554359
31553920
31553744
31553676
31553451
31553364
31553024
31552673
31552662
31552490
31551501
31551500
31551483
31551478
31551053
31550674
31550575
31550467
31550442
31550131
31550003
31549646
31549547
31549542
31549541
31549516
31549397
31549303
31548860
31548857
31548650
31548611
31548511
31548476
31548410
31548391
31548380
31547905
31547852
31547633
31547622
31547373
31546857
31546682
31546679
31546677
31546583
31546094
31545210
31545127
31544990
31544986
31544708
31544214
31543928
31543912
31543911
31543890
31543694
31542719
31542562
31542476
31542344
31541956
31541925
31541595
31541577
31541351
31541316
31541123
31541110
31540472
31539860
31539606
31539165
31538301
31537871
31537848
31536986
31536800
31536501
31536486
31535656
31535630
31535256
31535254
31534847
31534694
31534681
31534679
31534669
31534413
31534386
31534383
31534228
31533924
31533897
31533414
31532843
31532834
31532367
31531994
31531748
31531675
31531270
31530873
31530812
31529945
31529859
31529787
31529735
31529557
31529542
31529160
31528820
31528357
31528118
31527864
31527752
31527433
31527181
31527179
31527178
31527083
31526927
31526776
31526505
31526355
31525268
31525206
31523924
31523506
31523500
31523494
31522756
31522113
31521661
31520999
31520780
31520778
31520540
31520064
31519324
31519253
31519251
31519048
31518795
31518554
31518427
31518402
31518372
31517465
31517117
31517102
31517044
31517043
31516688
31516540
31516362
31516360
31516352
31516351
31516342
31515949
31515929
31515803
31515639
31515374
31515117
31514482
31514051
31513936
31513830
31513301
31512283
31512260
31512242
31512040
31511984
31511860
31511700
31511621
31511056
31511038
31510989
31510915
31510061
31509570
31509539
31508522
31507541
31507000
31506937
31506746
31506728
31506570
31506444
31506352
31506104
31505443
31505252
31505249
31505247
31505037
31504987
31504876
31504707
31504533
31504356
31504051
31503522
31502527
31502428
31502426
31502425
31502343
31502292
31501895
31501533
31501506
31501471
31501432
31501339
31500672
31500662
31500235
31500171
31499591
31499461
31499455
31499093
31498793
31497390
31497373
31497006
31496893
31496887
31496883
31496530
31496182
31496030
31495318
31495315
31495309
31494935
31494934
31494850
31494780
31494712
31493739
31493721
31493184
31492845
31492220
31492089
31491848
31491818
31491494
31491025
31490927
31490100
31489666
31489661
31489280
31488683
31488621
31488194
31487312
31487008
31486747
31486741
31486693
31486279
31486095
31486018
31485899
31485888
31485797
31485543
31485474
31485441
31485178
31485166
31485165
31485157
31484763
31484657
31484434
31484218
31483802
31483201
31482433
31482419
31482261
31481734
31481618
31481054
31480976
31480938
31480701
31480190
31480065
31479927
31479726
31479491
31479450
31478732
31478338
31478293
31478140
31478139
31477847
31477173
31475358
31475239
31475212
31475146
31475145
31475035
31474220
31473198
31473187
31473099
31472955
31472312
31472098
31471538
31471123
31470868
31470523
31470522
31470342
31470083
31469818
31469173
31469000
31468707
31468691
31468661
31468525
31468227
31467899
31467862
31467632
31467366
31467215
31466998
31466869
31466773
31466766
31466743
31466733
31466149
31466007
31465911
31465876
31465461
31465286
31465285
31464627
31464067
31463953
31463885
31463763
31463383
31463380
31463023
31463015
31463008
31463005
31463001
31463000
31462973
31462911
31462668
31462333
31462293
31462290
31462125
31461984
31461644
31460856
31460831
31460624
31460102
31457079
31456812
31456529
31456445
31456330
31456147
31456145
31455805
31455438
31455194
31455040
31455030
31454857
31454539
31454376
31454375
31454371
31454345
31453759
31453335
31453118
31452335
31452327
31452131
31451801
31451795
31451771
31451650
31451030
31450035
31449858
31449853
31449849
31449543
31449535
31448547
31448150
31447652
31447372
31446836
31346553
31446635
31446602
31446174
31446173
31445923
31445898
31445521
31445200
31445146
31444811
31444771
31444754
31444398
31444218
31443418
31443222
31442895
31442809
31442715
31442561
31442457
31442400
31442223
31442206
31442167
31441539
31441113
31440798
31440430
31440009
31439949
31439796
31439653
31439073
31438957
31438827
31437735
31437229
31436852
31435880
31435765
31435747
31435188
31435186
31435155
31435153
31435151
31434022
31433536
31433516
31433279
31433109
31432859
31432779
31432587
31432292
31432088
31431801
31431775
31431773
31431755
31431535
31431209
31431167
31431165
31431163
31430705
31430473
31430447
31430443
31430391
31430272
31430178
31429752
31429190
31429113
31429079
31428848
31428782
31428429
31428232
31427734
31427656
31427594
31427519
31426312
31426013
31425851
31425827
31425788
31425715
31424571
31423150
31423052
31422883
31422525
31422472
31422176
31422092
31421932
31421716
31421412
31421244
31421206
31420999
31420912
31420741
31420680
31420542
31420069
31419763
31419465
31419448
31419443
31419086
31418927
31418795
31418692
31418539
31418462
31418103
31417967
31417919
31417913
31417763
31417753
31417738
31417734
31417708
31417627
31417618
31417611
31417416
31417104
31416954
31416953
31415653
31415626
31415125
31414949
31413712
31413709
31413661
31413659
31413352
31413294
31412915
31412767
31412628
31412527
31412429
31412054
31411770
31411361
31410829
31410777
31410562
31410295
31410283
31410266
31410261
31410260
31409703
31409374
31409249
31409030
31408973
31408817
31408801
31408536
31408529
31408157
31407776
31407465
31407336
31407199
31406937
31406667
31406493
31406482
31406415
31406414
31406408
31406401
31406338
31406278
31406161
31406155
31405970
31405642
31405010
31404698
31404603
31404458
31403618
31403265
31403217
31403001
31402838
31401962
31401803
31401523
31401317
31401311
31400778
31400499
31400307
31400248
31400182
31400093
31399920
31399870
31399826
31399719
31399345
31398663
31398581
31398280
31398260
31398201
31398084
31397382
31397259
31396659
31396566
31396456
31396450
31396443
31396343
31396287
31396244
31395675
31395205
31395006
31394442
31394378
31394255
31394254
31393097
31392804
31392797
31392753
31392605
31392553
31392321
31391781
31391729
31391714
31391589
31391504
31391487
31391167
31391113
31390702
31390084
31389778
31389140
31389057
31389053
31388896
31388691
31388589
31388588
31388506
31388500
31388499
31388445
31388441
31388213
31388110
31388091
31387920
31387545
31387508
31387329
31387199
31386846
31386699
31386657
31386143
31385777
31385471
31385413
31385391
31384683
31384482
31384353
31384132
31383885
31383298
31383297
31383296
31383295
31383294
31382557
31382537
31382375
31382344
31382184
31381955
31381612
31380416
31380092
31380090
31380073
31380064
31380063
31380053
31380035
31380021
31380017
31379596
31379587
31379446
31379442
31379089
31379018
31378610
31378606
31378275
31377908
31377399
31377375
31377335
31376605
31376450
31376316
31376046
31375977
31375881
31375063
31375024
31374876
31374499
31374383
31374378
31374264
31374100
31373707
31373029
31372805
31372547
31372519
31372514
31372337
31372336
31372238
31372174
31371753
31371455
31370904
31370783
31370753
31369956
31369710
31369579
31369565
31368614
31368573
31368542
31368372
31368370
31368065
31367977
31367745
31367180
31367011
31366967
31366898
31366372
31366291
31366019
31365741
31365543
31365142
31365126
31364915
31364717
31364699
31364504
31363765
31363346
31363144
31363134
31363075
31362640
31362636
31362626
31362367
31362123
31361905
31361038
31360627
31360115
31360114
31360103
31360001
31359999
31359994
31359860
31359737
31359611
31359571
31359570
31358951
31358795
31358737
31358186
31358037
31357033
31357032
31356874
31356642
31354982
31354829
31354763
31354638
31354523
31354447
31354198
31354197
31353816
31353725
31353226
31352895
31352894
31352880
31352524
31351402
31351282
31351009
31350830
31350662
31350395
31350386
31350200
31349871
31349784
31349741
31349621
31349406
31349365
31349351
31349102
31349101
31348924
31348570
31348485
31347666
31347258
31346943
31346834
31346619
31346535
31346531
31346425
31346404
31346360
31346309
31346192
31346081
31345371
31345355
31345019
31344839
31344652
31344457
31344107
31344085
31343795
31343268
31343176
31343125
31342233
31341895
31341608
31341554
31341387
31341386
31341281
31341198
31340859
31340838
31340810
31340765
31340365
31340216
31340044
31340041
31339936
31339478
31339177
31339168
31338666
31338578
31338291
31338090
31337981
31337922
31337752
31337313
31337308
31337290
31337252
31336856
31336764
31336631
31336582
31336398
31336385
31335315
31335314
31334694
31334576
31334028
31333597
31333488
31333321
31333102
31332945
31332866
31332852
31332767
31332714
31332682
31332672
31332657
31332479
31332328
31332308
31332174
31332157
31332102
31331976
31331687
31331531
31331511
31331442
31331435
31331233
31331072
31330191
31329631
31329604
31329603
31329341
31329280
31329234
31328782
31328431
31328166
31327926
31327655
31327361
31327050
31326755
31326696
31326515
31326030
31325606
31325510
31325412
31325366
31325157
31324974
31324345
31323958
31323859
31323693
31323335
31323334
31323322
31323235
31323234
31323196
31323117
31322499
31322278
31321756
31321724
31321704
31321632
31321629
31321488
31319325
31319297
31318965
31318960
31318896
31318887
31318482
31318143
31318086
31318084
31318045
31317811
31317624
31317244
31316868
31316135
31316072
31315955
31315935
31315925
31315554
31315212
31314051
31313941
31313468
31312905
31312494
31312490
31312422
31312324
31312094
31312078
31312069
31312023
31311648
31311527
31311484
31311467
31311193
31310970
31310789
31310329
31310201
31310115
31310064
31310063
31310062
31309597
31308782
31308559
31308387
31307788
31307520
31307226
31306677
31306661
31306534
31305956
31305132
31305022
31305020
31304658
31304213
31304062
31303832
31303828
31303825
31303822
31303808
31303805
31303804
31303600
31303593
31303484
31303215
31303157
31302417
31302240
31302232
31302148
31302118
31302039
31301731
31301507
31301422
31301243
31301214
31301178
31300853
31300691
31300527
31299565
31299548
31299325
31299218
31299138
31298799
31298765
31297860
31297818
31297765
31297020
31296882
31296769
31296675
31296276
31296164
31296059
31295666
31295459
31295381
31295079
31294644
31294530
31294488
31294104
31293832
31293628
31293346
31293086
31293015
31292963
31292939
31292921
31292712
31292602
31292495
31292233
31291646
31291601
31291587
31291502
31291401
31291313
31291304
31291291
31291282
31291051
31291046
31290290
31289968
31289924
31289794
31289688
31289267
31289134
31288857
31288841
31288708
31288706
31288696
31288681
31288652
31287975
31287921
31287864
31287058
31287014
31286641
31286633
31286628
31286372
31286265
31285960
31285749
31285573
31285557
31285462
31285457
31285268
31284873
31284640
31284591
31283079
31283002
31282935
31282925
31282545
31282085
31281715
31281474
31281291
31280184
31280152
31280042
31280024
31279896
31279782
31279657
31279575
31279504
31279297
31279002
31278988
31278828
31278760
31278701
31278666
31278647
31278334
31278130
31277960
31277680
31276510
31276492
31276491
31276485
31276332
31276230
31275851
31275526
31275352
31274981
31274158
31273612
31273440
31273396
31273227
31273217
31272742
31272033
31271889
31271850
31271839
31271763
31271746
31271642
31271473
31271441
31271087
31271053
31271004
31270854
31270680
31270611
31270307
31269975
31269452
31269414
31268545
31268339
31267468
31267344
31266599
31266593
31266583
31266304
31266142
31265909
31265890
31265864
31265826
31264935
31264712
31264301
31264217
31264184
31264127
31263997
31263941
31263626
31263529
31263489
31263483
31263339
31263332
31263330
31263327
31263222
31263177
31263114
31262532
31262454
31262401
31262364
31262344
31262299
31262018
31261922
31261809
31261790
31260863
31260769
31260757
31260697
31260470
31259358
31259083
31259081
31258454
31258368
31257787
31257646
31257561
31257554
31257419
31257138
31257026
31256818
31256392
31256308
31255650
31255219
31254856
31254557
31254307
31253991
31253861
31253623
31253201
31253176
31252072
31252069
31251517
31251493
31251492
31251428
31251046
31250982
31250713
31250542
31250483
31250350
31250115
31249874
31249868
31249789
31249729
31249690
31249423
31249369
31249366
31248457
31247994
31247402
31247340
31247339
31246961
31246335
31246332
31245871
31245639
31244819
31244540
31244539
31244538
31244425
31244414
31243658
31243579
31243387
31243369
31243329
31242266
31242242
31241799
31241650
31241398
31241296
31240599
31240233
31240090
31239852
31239554
31239472
31238850
31238845
31238844
31238242
31237234
31237026
31236936
31236393
31236240
31236233
31236221
31236216
31236127
31236099
31235587
31235571
31235569
31235122
31234263
31234068
31234048
31233871
31233771
31233641
31233192
31232490
31232488
31232325
31232245
31232066
31232051
31231888
31231236
31231159
31231156
31230043
31229720
31229557
31229150
31229122
31229038
31228935
31228643
31228591
31228583
31228579
31228205
31228201
31227860
31227702
31227610
31227557
31227327
31227020
31226916
31226465
31226216
31226150
31225947
31225934
31225727
31225613
31225505
31223482
31223381
31223295
31223212
31223050
31223033
31222757
31222661
31222653
31222547
31222101
31221850
31221830
31221829
31221828
31221756
31221739
31221733
31221627
31221226
31220621
31220579
31220541
31220411
31220120
31219576
31219306
31218687
31218582
31218520
31218121
31218038
31218034
31217779
31217718
31217716
31217661
31217633
31217580
31217486
31217196
31217165
31216622
31216507
31216351
31216013
31215501
31215384
31215105
31214691
31214247
31213875
31213808
31213531
31213176
31212962
31212913
31212457
31212046
31211983
31211978
31211969
31211829
31211769
31211393
31210962
31210776
31210775
31210743
31210724
31210678
31210400
31210014
31209392
31209184
31209112
31208308
31208063
31207942
31207486
31207396
31207284
31207056
31206825
31206547
31206538
31206013
31205937
31205444
31205443
31204803
31204298
31204171
31203850
31203829
31203823
31203755
31203720
31203452
31203436
31202893
31202853
31202145
31201903
31201450
31201385
31201323
31200636
31200495
31200344
31200248
31200156
31199875
31199810
31198986
31198985
31198527
31198433
31197674
31197529
31197270
31196987
31196986
31196978
31196924
31196519
31196091
31195978
31195735
31195325
31195186
31194852
31194763
31194753
31194743
31194263
31194100
31193923
31193450
31193431
31193409
31193307
31193257
31193177
31193013
31192351
31191650
31191213
31190329
31190290
31190260
31190146
31190093
31189927
31189912
31189875
31189706
31189656
31189125
31188824
31188506
31188455
31187409
31186827
31186667
31186578
31186507
31186455
31186415
31186084
31186056
31186004
31185759
31185675
31185674
31185583
31185381
31185373
31185303
31185297
31185280
31185030
31184609
31184525
31183857
31183751
31183689
31183599
31183592
31182967
31182814
31182801
31182800
31182189
31181977
31181380
31181076
31181060
31180622
31180597
31180132
31180049
31179994
31179588
31179192
31179175
31178949
31178826
31178700
31178321
31178320
31178314
31177530
31177354
31177344
31176893
31176279
31176004
31175672
31175345
31175157
31174034
31174006
31173614
31173134
31172974
31172817
31172691
31172556
31172504
31172437
31172263
31172253
31171983
31171980
31171601
31170912
31170910
31170807
31170657
31170508
31170462
31170238
31170060
31169978
31169499
31169369
31169105
31168993
31168951
31168868
31168855
31168715
31168105
31168093
31167846
31166852
31165918
31165664
31165432
31165371
31165297
31165170
31164338
31164049
31163991
31163709
31163378
31163249
31163167
31163166
31163156
31163151
31163149
31163146
31163138
31162635
31162590
31161911
31161910
31161905
31161526
31161434
31161091
31161024
31161021
31161013
31161008
31161006
31160999
31160998
31160990
31160973
31160972
31160971
31160931
31160877
31160726
31160719
31160605
31160560
31160445
31160429
31160424
31159145
31158666
31158486
31158305
31157415
31157378
31155422
31155361
31154982
31154527
31154227
31154211
31154207
31154199
31154072
31153378
31153123
31153076
31152918
31152847
31152838
31152294
31152279
31151015
31150948
31150882
31150872
31150760
31150382
31150381
31150116
31149780
31149776
31149774
31149772
31149769
31149403
31148978
31148967
31148931
31148920
31148919
31148564
31148528
31148439
31148354
31148329
31148300
31148172
31148101
31147835
31147813
31147513
31147504
31146909
31146908
31146907
31146906
31146905
31146904
31146903
31146779
31146648
31146483
31146407
31146134
31146127
31145971
31145913
31145893
31145891
31145854
31145753
31145678
31145446
31144515
31144423
31144179
31144037
31143154
31143077
31142756
31142433
31142396
31142391
31141820
31141548
31141283
31141224
31141123
31141103
31140573
31139944
31139884
31139846
31139824
31139511
31139473
31138999
31138894
31138833
31138696
31138658
31138637
31138633
31138151
31138137
31138074
31138071
31136987
31136981
31136875
31135914
31135033
31135028
31134728
31134625
31134403
31134335
31134328
31133722
31133542
31132979
31132720
31132522
31132243
31132149
31132125
31131985
31131498
31131318
31130931
31130812
31130807
31130611
31130455
31129910
31129692
31129479
31129283
31129132
31129114
31128949
31128790
31128789
31128642
31128565
31128509
31128280
31127891
31127890
31127883
31127672
31127622
31127281
31127178
31127126
31127049
31126612
31126298
31126234
31126077
31125819
31125678
31125660
31125657
31125064
31124616
31123320
31123105
31123080
31122654
31121937
31121825
31121264
31121209
31121187
31121168
31120677
31120505
31120421
31120389
31120041
31119964
31119815
31119422
31119076
31118870
31118503
31118454
31118032
31117954
31117222
31116963
31116952
31116764
31116533
31116472
31116447
31115732
31115731
31115513
31115203
31115157
31114871
31114625
31114567
31114427
31114425
31114003
31113976
31113630
31113559
31113454
31113445
31113341
31113332
31113307
31112995
31112913
31112688
31112588
31112130
31112127
31112094
31111468
31111442
31111154
31111110
31110998
31110925
31110777
31110770
31110769
31110664
31110661
31110660
31110340
31110261
31110236
31110204
31109662
31109625
31109386
31109075
31108444
31108378
31108305
31108285
31108221
31107204
31107181
31106817
31106730
31106722
31106413
31106212
31106053
31106050
31106048
31105862
31105843
31105206
31105188
31104953
31104934
31104931
31104841
31104638
31104636
31104610
31104606
31104401
31104299
31104244
31104238
31104231
31104107
31103977
31103975
31103973
